image_idx,ix,pole_num,kiro_tei,measurement_area,camera_num,image_name,trolley_id,measured_upper_edge,measured_lower_edge,estimated_upper_edge,estimated_lower_edge,estimated_width,estimated_width_std,brightness_center,brightness_mean,brightness_std,estimated_slope,upper_boundary,lower_boundary,estimated_upper_edge_variance,estimated_lower_edge_variance,estimated_slope_variance,trolley_end_reason,mask_edgelog_1,mask_edgelog_2
126,126000,34,39.674962,Musashino_007_IchikawaOhno-FunabashiHoten_up_20240410_day,HD21,2024_0041_HD21_01_00004714.jpg,trolley2,1009.0,1016.0,1008.0,1017.0,9.0,,251.0,208.875,52.96875,0.0002498750624687657,,,0.75048828125,0.75048828125,0.001049041748046875,,0.0,0.0
126,126001,34,39.674964,Musashino_007_IchikawaOhno-FunabashiHoten_up_20240410_day,HD21,2024_0041_HD21_01_00004714.jpg,trolley2,1009.0,1016.0,1008.0,1017.0,9.0,,254.0,211.375,55.09375,0.0006086852317835946,,,0.60205078125,0.60205078125,0.0010976791381835938,,0.0,0.0
126,126002,34,39.674966,Musashino_007_IchikawaOhno-FunabashiHoten_up_20240410_day,HD21,2024_0041_HD21_01_00004714.jpg,trolley2,1009.0,1016.0,1008.0,1017.0,9.0,,255.0,216.375,53.0625,0.0010276981455385184,,,0.50439453125,0.50390625,0.0011444091796875,,0.0,0.0
126,126003,34,39.674968,Musashino_007_IchikawaOhno-FunabashiHoten_up_20240410_day,HD21,2024_0041_HD21_01_00004714.jpg,trolley2,1008.0,1016.0,1008.0,1017.0,9.0,,255.0,219.5,50.09375,0.0005603325584689742,,,0.435546875,0.435546875,0.0011882781982421875,,0.0,0.0
126,126004,34,39.67497,Musashino_007_IchikawaOhno-FunabashiHoten_up_20240410_day,HD21,2024_0041_HD21_01_00004714.jpg,trolley2,1009.0,1016.0,1008.0,1017.0,9.0,,254.0,217.75,51.5,0.001210250152324301,,,0.385498046875,0.38525390625,0.0012292861938476562,,0.0,0.0
126,126005,34,39.674972000000004,Musashino_007_IchikawaOhno-FunabashiHoten_up_20240410_day,HD21,2024_0041_HD21_01_00004714.jpg,trolley2,1009.0,1016.0,1008.0,1017.0,9.0,,252.0,214.5,53.4375,0.0018804463817709994,,,0.347900390625,0.34765625,0.0012664794921875,,0.0,0.0
126,126006,34,39.674974,Musashino_007_IchikawaOhno-FunabashiHoten_up_20240410_day,HD21,2024_0041_HD21_01_00004714.jpg,trolley2,1009.0,1016.0,1008.0,1017.0,9.0,,252.0,215.75,51.96875,0.002558735572029054,,,0.3193359375,0.319091796875,0.0012989044189453125,,0.0,0.0
126,126007,34,39.674976,Musashino_007_IchikawaOhno-FunabashiHoten_up_20240410_day,HD21,2024_0041_HD21_01_00004714.jpg,trolley2,1009.0,1016.0,1008.0,1017.0,9.0,,255.0,219.5,50.3125,0.0032334555252674733,,,0.297119140625,0.297119140625,0.0013275146484375,,0.0,0.0
126,126008,34,39.674978,Musashino_007_IchikawaOhno-FunabashiHoten_up_20240410_day,HD21,2024_0041_HD21_01_00004714.jpg,trolley2,1009.0,1016.0,1008.0,1017.0,9.0,,255.0,219.75,49.40625,0.003893120697361205,,,0.280029296875,0.280029296875,0.00135040283203125,,0.0,0.0
126,126009,34,39.67498,Musashino_007_IchikawaOhno-FunabashiHoten_up_20240410_day,HD21,2024_0041_HD21_01_00004714.jpg,trolley2,1009.0,1016.0,1008.0,1017.0,9.0,,255.0,219.75,49.0625,0.0045264871775247,,,0.266845703125,0.266845703125,0.0013675689697265625,,0.0,0.0
126,126010,34,39.674982,Musashino_007_IchikawaOhno-FunabashiHoten_up_20240410_day,HD21,2024_0041_HD21_01_00004714.jpg,trolley2,1009.0,1016.0,1008.0,1017.0,9.0,,255.0,220.0,48.875,0.005122845399112265,,,0.2568359375,0.256591796875,0.0013790130615234375,,0.0,0.0
126,126011,34,39.674984,Musashino_007_IchikawaOhno-FunabashiHoten_up_20240410_day,HD21,2024_0041_HD21_01_00004714.jpg,trolley2,1009.0,1016.0,1008.0,1017.0,9.0,,254.0,219.5,49.28125,0.0056724234744925444,,,0.2491455078125,0.2489013671875,0.001384735107421875,,0.0,0.0
126,126012,34,39.674986000000004,Musashino_007_IchikawaOhno-FunabashiHoten_up_20240410_day,HD21,2024_0041_HD21_01_00004714.jpg,trolley2,1009.0,1016.0,1008.0,1017.0,9.0,,254.0,219.25,49.78125,0.006166810856443088,,,0.2432861328125,0.2430419921875,0.001384735107421875,,0.0,0.0
126,126013,34,39.674988,Musashino_007_IchikawaOhno-FunabashiHoten_up_20240410_day,HD21,2024_0041_HD21_01_00004714.jpg,trolley2,1009.0,1016.0,1008.0,1017.0,9.0,,254.0,219.75,49.40625,0.006599328829237025,,,0.23876953125,0.2386474609375,0.0013790130615234375,,0.0,0.0
126,126014,34,39.67499,Musashino_007_IchikawaOhno-FunabashiHoten_up_20240410_day,HD21,2024_0041_HD21_01_00004714.jpg,trolley2,1009.0,1016.0,1008.0,1017.0,9.0,,255.0,221.0,48.5625,0.00696529250400189,,,0.2354736328125,0.2352294921875,0.001369476318359375,,0.0,0.0
126,126015,34,39.674992,Musashino_007_IchikawaOhno-FunabashiHoten_up_20240410_day,HD21,2024_0041_HD21_01_00004714.jpg,trolley2,1009.0,1016.0,1008.0,1017.0,9.0,,255.0,222.0,47.59375,0.00726213118113131,,,0.23291015625,0.232666015625,0.0013551712036132812,,0.0,0.0
126,126016,34,39.674994,Musashino_007_IchikawaOhno-FunabashiHoten_up_20240410_day,HD21,2024_0041_HD21_01_00004714.jpg,trolley2,1009.0,1016.0,1008.0,1017.0,9.0,,255.0,219.625,48.25,0.007489358202289676,,,0.23095703125,0.230712890625,0.0013370513916015625,,0.0,0.0
126,126017,34,39.674996,Musashino_007_IchikawaOhno-FunabashiHoten_up_20240410_day,HD21,2024_0041_HD21_01_00004714.jpg,trolley2,1009.0,1016.0,1008.0,1017.0,9.0,,255.0,219.25,48.125,0.00764840386230601,,,0.2293701171875,0.2291259765625,0.001316070556640625,,0.0,0.0
126,126018,34,39.674998,Musashino_007_IchikawaOhno-FunabashiHoten_up_20240410_day,HD21,2024_0041_HD21_01_00004714.jpg,trolley2,1009.0,1016.0,1008.0,1017.0,9.0,,254.0,217.5,50.4375,0.00774234184742577,,,0.2279052734375,0.2276611328125,0.001293182373046875,,0.0,0.0
126,126019,34,39.675000000000004,Musashino_007_IchikawaOhno-FunabashiHoten_up_20240410_day,HD21,2024_0041_HD21_01_00004714.jpg,trolley2,1009.0,1016.0,1008.0,1017.0,9.0,,255.0,216.25,50.21875,0.007775548808424904,,,0.2266845703125,0.2264404296875,0.0012683868408203125,,0.0,0.0
126,126020,34,39.675002,Musashino_007_IchikawaOhno-FunabashiHoten_up_20240410_day,HD21,2024_0041_HD21_01_00004714.jpg,trolley2,1009.0,1016.0,1008.0,1017.0,9.0,,255.0,214.125,51.15625,0.00775333790247397,,,0.2254638671875,0.2252197265625,0.00124359130859375,,0.0,0.0
126,126021,34,39.675004,Musashino_007_IchikawaOhno-FunabashiHoten_up_20240410_day,HD21,2024_0041_HD21_01_00004714.jpg,trolley2,1009.0,1016.0,1008.0,1017.0,9.0,,252.0,215.125,48.84375,0.007681602009615477,,,0.22412109375,0.223876953125,0.0012178421020507812,,0.0,0.0
126,126022,34,39.675006,Musashino_007_IchikawaOhno-FunabashiHoten_up_20240410_day,HD21,2024_0041_HD21_01_00004714.jpg,trolley2,1009.0,1016.0,1008.0,1017.0,9.0,,254.0,216.125,49.5,0.0075664933442789895,,,0.2227783203125,0.2225341796875,0.0011920928955078125,,0.0,0.0
126,126023,34,39.675008,Musashino_007_IchikawaOhno-FunabashiHoten_up_20240410_day,HD21,2024_0041_HD21_01_00004714.jpg,trolley2,1009.0,1016.0,1008.0,1017.0,9.0,,253.0,217.25,49.34375,0.007414155911724373,,,0.221435546875,0.22119140625,0.0011682510375976562,,0.0,0.0
126,126024,34,39.67501,Musashino_007_IchikawaOhno-FunabashiHoten_up_20240410_day,HD21,2024_0041_HD21_01_00004714.jpg,trolley2,1009.0,1016.0,1008.0,1017.0,9.0,,253.0,216.0,50.625,0.007230517735274901,,,0.2198486328125,0.2196044921875,0.0011444091796875,,0.0,0.0
126,126025,34,39.675012,Musashino_007_IchikawaOhno-FunabashiHoten_up_20240410_day,HD21,2024_0041_HD21_01_00004714.jpg,trolley2,1009.0,1016.0,1008.0,1017.0,9.0,,254.0,216.875,48.21875,0.007021142226492946,,,0.21826171875,0.2181396484375,0.00112152099609375,,0.0,0.0
126,126026,34,39.675014,Musashino_007_IchikawaOhno-FunabashiHoten_up_20240410_day,HD21,2024_0041_HD21_01_00004714.jpg,trolley2,1009.0,1016.0,1008.0,1017.0,9.0,,255.0,211.875,52.4375,0.006791132935062944,,,0.2166748046875,0.2164306640625,0.0011005401611328125,,0.0,0.0
126,126027,34,39.675016,Musashino_007_IchikawaOhno-FunabashiHoten_up_20240410_day,HD21,2024_0041_HD21_01_00004714.jpg,trolley2,1009.0,1016.0,1008.0,1017.0,9.0,,255.0,211.875,51.46875,0.006545083074188363,,,0.21484375,0.2147216796875,0.0010814666748046875,,0.0,0.0
126,126028,34,39.675018,Musashino_007_IchikawaOhno-FunabashiHoten_up_20240410_day,HD21,2024_0041_HD21_01_00004714.jpg,trolley2,1009.0,1016.0,1008.0,1017.0,9.0,,255.0,214.625,48.59375,0.006287060224989047,,,0.213134765625,0.212890625,0.0010633468627929688,,0.0,0.0
126,126029,34,39.67502,Musashino_007_IchikawaOhno-FunabashiHoten_up_20240410_day,HD21,2024_0041_HD21_01_00004714.jpg,trolley2,1009.0,1016.0,1008.0,1017.0,9.0,,255.0,213.625,50.9375,0.006020616925345703,,,0.2113037109375,0.2110595703125,0.0010461807250976562,,0.0,0.0
126,126030,34,39.675022,Musashino_007_IchikawaOhno-FunabashiHoten_up_20240410_day,HD21,2024_0041_HD21_01_00004714.jpg,trolley2,1009.0,1016.0,1008.0,1017.0,9.0,,255.0,213.125,51.0,0.0057488189239979,,,0.20947265625,0.2093505859375,0.0010309219360351562,,0.0,0.0
126,126031,34,39.675024,Musashino_007_IchikawaOhno-FunabashiHoten_up_20240410_day,HD21,2024_0041_HD21_01_00004714.jpg,trolley2,1009.0,1016.0,1008.0,1017.0,9.0,,255.0,211.25,52.59375,0.005474284313813596,,,0.2076416015625,0.20751953125,0.0010175704956054688,,0.0,0.0
126,126032,34,39.675026,Musashino_007_IchikawaOhno-FunabashiHoten_up_20240410_day,HD21,2024_0041_HD21_01_00004714.jpg,trolley2,1009.0,1016.0,1008.0,1017.0,9.0,,254.0,211.625,51.34375,0.005199228258072555,,,0.205810546875,0.2056884765625,0.0010051727294921875,,0.0,0.0
126,126033,34,39.675028,Musashino_007_IchikawaOhno-FunabashiHoten_up_20240410_day,HD21,2024_0041_HD21_01_00004714.jpg,trolley2,1009.0,1016.0,1008.0,1017.0,9.0,,253.0,209.0,52.09375,0.004925509412388576,,,0.2041015625,0.203857421875,0.0009946823120117188,,0.0,0.0
126,126034,34,39.67503,Musashino_007_IchikawaOhno-FunabashiHoten_up_20240410_day,HD21,2024_0041_HD21_01_00004714.jpg,trolley2,1009.0,1016.0,1008.0,1017.0,9.0,,255.0,211.0,53.25,0.004654675332498508,,,0.2022705078125,0.2021484375,0.0009851455688476562,,0.0,0.0
126,126035,34,39.675032,Musashino_007_IchikawaOhno-FunabashiHoten_up_20240410_day,HD21,2024_0041_HD21_01_00004714.jpg,trolley2,1009.0,1016.0,1008.0,1017.0,9.0,,254.0,210.5,53.03125,0.00438800511509608,,,0.2005615234375,0.200439453125,0.0009760856628417969,,0.0,0.0
126,126036,34,39.675034000000004,Musashino_007_IchikawaOhno-FunabashiHoten_up_20240410_day,HD21,2024_0041_HD21_01_00004714.jpg,trolley2,1009.0,1016.0,1008.0,1017.0,9.0,,253.0,210.0,53.5,0.004126548252831458,,,0.198974609375,0.19873046875,0.00096893310546875,,0.0,0.0
126,126037,34,39.675036,Musashino_007_IchikawaOhno-FunabashiHoten_up_20240410_day,HD21,2024_0041_HD21_01_00004714.jpg,trolley2,1009.0,1016.0,1008.0,1017.0,9.0,,255.0,209.125,54.375,0.0038711592224951806,,,0.1973876953125,0.1971435546875,0.0009622573852539062,,0.0,0.0
126,126038,34,39.675038,Musashino_007_IchikawaOhno-FunabashiHoten_up_20240410_day,HD21,2024_0041_HD21_01_00004714.jpg,trolley2,1009.0,1016.0,1008.0,1017.0,9.0,,255.0,204.5,54.21875,0.0036225277018044596,,,0.19580078125,0.1956787109375,0.0009570121765136719,,0.0,0.0
126,126039,34,39.67504,Musashino_007_IchikawaOhno-FunabashiHoten_up_20240410_day,HD21,2024_0041_HD21_01_00004714.jpg,trolley2,1009.0,1016.0,1008.0,1017.0,9.0,,255.0,203.875,53.625,0.003381204559831485,,,0.1943359375,0.1942138671875,0.0009522438049316406,,0.0,0.0
126,126040,34,39.675042,Musashino_007_IchikawaOhno-FunabashiHoten_up_20240410_day,HD21,2024_0041_HD21_01_00004714.jpg,trolley2,1009.0,1016.0,1008.0,1017.0,9.0,,253.0,203.75,52.3125,0.0031476239202446175,,,0.1929931640625,0.1927490234375,0.0009479522705078125,,0.0,0.0
126,126041,34,39.675044,Musashino_007_IchikawaOhno-FunabashiHoten_up_20240410_day,HD21,2024_0041_HD21_01_00004714.jpg,trolley2,1009.0,1016.0,1008.0,1017.0,9.0,,255.0,202.25,53.34375,0.002922121681241971,,,0.191650390625,0.19140625,0.0009446144104003906,,0.0,0.0
126,126042,34,39.675046,Musashino_007_IchikawaOhno-FunabashiHoten_up_20240410_day,HD21,2024_0041_HD21_01_00004714.jpg,trolley2,1009.0,1016.0,1008.0,1017.0,9.0,,255.0,203.75,52.34375,0.0027049509121522654,,,0.1903076171875,0.190185546875,0.0009417533874511719,,0.0,0.0
126,126043,34,39.675048000000004,Musashino_007_IchikawaOhno-FunabashiHoten_up_20240410_day,HD21,2024_0041_HD21_01_00004714.jpg,trolley2,1009.0,1016.0,1008.0,1017.0,9.0,,255.0,203.875,52.59375,0.002496294549986498,,,0.189208984375,0.18896484375,0.0009393692016601562,,0.0,0.0
126,126044,34,39.67505,Musashino_007_IchikawaOhno-FunabashiHoten_up_20240410_day,HD21,2024_0041_HD21_01_00004714.jpg,trolley2,1010.0,1016.0,1009.0,1017.0,8.0,,251.0,210.375,47.1875,0.005081620886993591,,,0.18798828125,0.1878662109375,0.0009374618530273438,,0.0,0.0
126,126045,34,39.675052,Musashino_007_IchikawaOhno-FunabashiHoten_up_20240410_day,HD21,2024_0041_HD21_01_00004714.jpg,trolley2,1010.0,1016.0,1009.0,1017.0,8.0,,253.0,210.625,48.90625,0.007361386178876276,,,0.18701171875,0.186767578125,0.0009355545043945312,,0.0,0.0
126,126046,34,39.675054,Musashino_007_IchikawaOhno-FunabashiHoten_up_20240410_day,HD21,2024_0041_HD21_01_00004714.jpg,trolley2,1010.0,1016.0,1009.0,1017.0,8.0,,254.0,211.0,49.0625,0.009357439010722527,,,0.18603515625,0.185791015625,0.000934600830078125,,0.0,0.0
126,126047,34,39.675056,Musashino_007_IchikawaOhno-FunabashiHoten_up_20240410_day,HD21,2024_0041_HD21_01_00004714.jpg,trolley2,1010.0,1016.0,1009.0,1017.0,8.0,,255.0,208.875,49.75,0.011090381980871223,,,0.18505859375,0.1849365234375,0.0009336471557617188,,0.0,0.0
126,126048,34,39.675058,Musashino_007_IchikawaOhno-FunabashiHoten_up_20240410_day,HD21,2024_0041_HD21_01_00004714.jpg,trolley2,1010.0,1016.0,1009.0,1017.0,8.0,,255.0,210.0,50.09375,0.012579660596236289,,,0.1842041015625,0.1839599609375,0.0009326934814453125,,0.0,0.0
126,126049,34,39.67506,Musashino_007_IchikawaOhno-FunabashiHoten_up_20240410_day,HD21,2024_0041_HD21_01_00004714.jpg,trolley2,1009.0,1016.0,1009.0,1017.0,8.0,0.3282607226593163,255.0,211.875,50.375,0.011093867025162242,,,0.183349609375,0.1832275390625,0.0009322166442871094,,0.0,0.0
126,126050,34,39.675062000000004,Musashino_007_IchikawaOhno-FunabashiHoten_up_20240410_day,HD21,2024_0041_HD21_01_00004714.jpg,trolley2,1010.0,1016.0,1009.0,1017.0,8.0,0.3475403771153655,255.0,210.25,49.21875,0.01244789542025775,,,0.1826171875,0.182373046875,0.0009317398071289062,,0.0,0.0
126,126051,34,39.675064,Musashino_007_IchikawaOhno-FunabashiHoten_up_20240410_day,HD21,2024_0041_HD21_01_00004714.jpg,trolley2,1010.0,1016.0,1009.0,1017.0,8.0,0.36432130747865493,255.0,208.125,48.15625,0.013592913799847985,,,0.181884765625,0.181640625,0.0009312629699707031,,0.0,0.0
126,126052,34,39.675066,Musashino_007_IchikawaOhno-FunabashiHoten_up_20240410_day,HD21,2024_0041_HD21_01_00004714.jpg,trolley2,1010.0,1016.0,1009.0,1017.0,8.0,0.379060024504126,255.0,209.5,49.25,0.014544856992936986,,,0.18115234375,0.1810302734375,0.0009312629699707031,,0.0,0.0
126,126053,34,39.675068,Musashino_007_IchikawaOhno-FunabashiHoten_up_20240410_day,HD21,2024_0041_HD21_01_00004714.jpg,trolley2,1010.0,1016.0,1009.0,1017.0,8.0,0.3920951980127817,254.0,210.375,49.875,0.015318870542243153,,,0.1805419921875,0.180419921875,0.0009312629699707031,,0.0,0.0
126,126054,34,39.67507,Musashino_007_IchikawaOhno-FunabashiHoten_up_20240410_day,HD21,2024_0041_HD21_01_00004714.jpg,trolley2,1010.0,1016.0,1009.0,1017.0,8.0,0.4036867138796662,252.0,210.625,49.09375,0.015929351043898463,,,0.179931640625,0.1798095703125,0.0009312629699707031,,0.0,0.0
126,126055,34,39.675072,Musashino_007_IchikawaOhno-FunabashiHoten_up_20240410_day,HD21,2024_0041_HD21_01_00004714.jpg,trolley2,1010.0,1016.0,1009.0,1017.0,8.0,0.4140393356054133,255.0,212.5,48.40625,0.01638998055043358,,,0.1793212890625,0.17919921875,0.0009312629699707031,,0.0,0.0
126,126056,34,39.675074,Musashino_007_IchikawaOhno-FunabashiHoten_up_20240410_day,HD21,2024_0041_HD21_01_00004714.jpg,trolley2,1010.0,1016.0,1009.0,1017.0,8.0,0.4233178415652586,253.0,215.625,45.09375,0.016713755810401378,,,0.1788330078125,0.1787109375,0.0009312629699707031,,0.0,0.0
126,126057,34,39.675076000000004,Musashino_007_IchikawaOhno-FunabashiHoten_up_20240410_day,HD21,2024_0041_HD21_01_00004714.jpg,trolley2,1010.0,1016.0,1009.0,1017.0,8.0,0.43165714251849935,251.0,218.375,43.9375,0.016913013156817303,,,0.1783447265625,0.17822265625,0.0009312629699707031,,0.0,0.0
126,126058,34,39.675078,Musashino_007_IchikawaOhno-FunabashiHoten_up_20240410_day,HD21,2024_0041_HD21_01_00004714.jpg,trolley2,1010.0,1016.0,1009.0,1017.0,8.0,0.4391692918015618,251.0,218.375,43.96875,0.01699944985094201,,,0.1778564453125,0.177734375,0.0009312629699707031,,0.0,0.0
126,126059,34,39.67508,Musashino_007_IchikawaOhno-FunabashiHoten_up_20240410_day,HD21,2024_0041_HD21_01_00004714.jpg,trolley2,1010.0,1016.0,1009.0,1017.0,8.0,0.44594849085648436,255.0,215.5,45.75,0.016984142649415022,,,0.177490234375,0.1773681640625,0.0009312629699707031,,0.0,0.0
126,126060,34,39.675082,Musashino_007_IchikawaOhno-FunabashiHoten_up_20240410_day,HD21,2024_0041_HD21_01_00004714.jpg,trolley2,1010.0,1016.0,1009.0,1017.0,8.0,0.45207475565381255,255.0,214.125,46.96875,0.016877564301116085,,,0.177001953125,0.1768798828125,0.0009312629699707031,,0.0,0.0
126,126061,34,39.675084,Musashino_007_IchikawaOhno-FunabashiHoten_up_20240410_day,HD21,2024_0041_HD21_01_00004714.jpg,trolley2,1009.0,1016.0,1009.0,1017.0,8.0,0.45761666161750847,255.0,216.75,47.09375,0.01395654296816334,,,0.1766357421875,0.176513671875,0.0009317398071289062,,0.0,0.0
126,126062,34,39.675086,Musashino_007_IchikawaOhno-FunabashiHoten_up_20240410_day,HD21,2024_0041_HD21_01_00004714.jpg,trolley2,1009.0,1016.0,1009.0,1017.0,8.0,0.46263343794052164,255.0,218.625,47.125,0.011256910948999194,,,0.17626953125,0.1761474609375,0.0009317398071289062,,0.0,0.0
126,126063,34,39.675088,Musashino_007_IchikawaOhno-FunabashiHoten_up_20240410_day,HD21,2024_0041_HD21_01_00004714.jpg,trolley2,1009.0,1016.0,1009.0,1017.0,8.0,0.4671765921511577,255.0,218.25,47.65625,0.00877074848318076,,,0.1759033203125,0.17578125,0.0009317398071289062,,0.0,0.0
126,126064,34,39.67509,Musashino_007_IchikawaOhno-FunabashiHoten_up_20240410_day,HD21,2024_0041_HD21_01_00004714.jpg,trolley2,1010.0,1016.0,1009.0,1017.0,8.0,0.47129118877333737,255.0,217.5,48.03125,0.009223644281756689,,,0.175537109375,0.1754150390625,0.0009317398071289062,,0.0,0.0
126,126065,34,39.675092,Musashino_007_IchikawaOhno-FunabashiHoten_up_20240410_day,HD21,2024_0041_HD21_01_00004714.jpg,trolley2,1010.0,1016.0,1009.0,1017.0,8.0,0.4750168687962845,255.0,219.25,46.90625,0.009579987735679182,,,0.17529296875,0.1751708984375,0.0009317398071289062,,0.0,0.0
126,126066,34,39.675094,Musashino_007_IchikawaOhno-FunabashiHoten_up_20240410_day,HD21,2024_0041_HD21_01_00004714.jpg,trolley2,1009.0,1016.0,1009.0,1017.0,8.0,0.4783886718903738,255.0,219.875,46.4375,0.007113203463838811,,,0.1749267578125,0.1748046875,0.0009317398071289062,,0.0,0.0
126,126067,34,39.675096,Musashino_007_IchikawaOhno-FunabashiHoten_up_20240410_day,HD21,2024_0041_HD21_01_00004714.jpg,trolley2,1009.0,1016.0,1009.0,1017.0,8.0,0.4814377064012174,254.0,218.875,46.75,0.004858649695523283,,,0.1746826171875,0.174560546875,0.0009317398071289062,,0.0,0.0
126,126068,34,39.675098,Musashino_007_IchikawaOhno-FunabashiHoten_up_20240410_day,HD21,2024_0041_HD21_01_00004714.jpg,trolley2,1009.0,1016.0,1009.0,1017.0,8.0,0.48419170039153775,254.0,219.5,46.40625,0.002807049747146181,,,0.17431640625,0.1741943359375,0.0009317398071289062,,0.0,0.0
126,126069,34,39.6751,Musashino_007_IchikawaOhno-FunabashiHoten_up_20240410_day,HD21,2024_0041_HD21_01_00004714.jpg,trolley2,1009.0,1016.0,1009.0,1017.0,8.0,0.48667545866870493,254.0,220.75,45.3125,0.0009489714947956301,,,0.174072265625,0.1739501953125,0.0009317398071289062,,0.0,0.0
126,126070,34,39.675102,Musashino_007_IchikawaOhno-FunabashiHoten_up_20240410_day,HD21,2024_0041_HD21_01_00004714.jpg,trolley2,1010.0,1016.0,1009.0,1017.0,8.0,0.4889112447381317,255.0,221.125,44.75,0.0020104920565515985,,,0.173828125,0.1737060546875,0.0009317398071289062,,0.0,0.0
126,126071,34,39.675104,Musashino_007_IchikawaOhno-FunabashiHoten_up_20240410_day,HD21,2024_0041_HD21_01_00004714.jpg,trolley2,1010.0,1016.0,1009.0,1017.0,8.0,0.49091910224112073,255.0,220.5,44.8125,0.0029529184405116937,,,0.1734619140625,0.1734619140625,0.0009317398071289062,,0.0,0.0
126,126072,34,39.675106,Musashino_007_IchikawaOhno-FunabashiHoten_up_20240410_day,HD21,2024_0041_HD21_01_00004714.jpg,trolley2,1009.0,1017.0,1009.0,1017.0,8.0,0.4927171271913558,255.0,223.25,42.1875,0.003783210216960455,,,0.1732177734375,0.173095703125,0.0009317398071289062,,0.0,0.0
126,126073,34,39.675108,Musashino_007_IchikawaOhno-FunabashiHoten_up_20240410_day,HD21,2024_0041_HD21_01_00004714.jpg,trolley2,1009.0,1016.0,1009.0,1017.0,8.0,0.494321699891964,255.0,223.375,43.09375,0.0017720394050644316,,,0.1729736328125,0.1728515625,0.0009317398071289062,,0.0,0.0
126,126074,34,39.675110000000004,Musashino_007_IchikawaOhno-FunabashiHoten_up_20240410_day,HD21,2024_0041_HD21_01_00004714.jpg,trolley2,1009.0,1016.0,1009.0,1017.0,8.0,0.4957476835707523,253.0,220.875,43.625,-4.396796048846915e-05,,,0.1727294921875,0.1727294921875,0.0009317398071289062,,0.0,0.0
126,126075,34,39.675112,Musashino_007_IchikawaOhno-FunabashiHoten_up_20240410_day,HD21,2024_0041_HD21_01_00004714.jpg,trolley2,1009.0,1016.0,1009.0,1017.0,8.0,0.4970085953579174,255.0,222.875,44.25,-0.0016747331344711955,,,0.172607421875,0.1724853515625,0.0009317398071289062,,0.0,0.0
126,126076,34,39.675114,Musashino_007_IchikawaOhno-FunabashiHoten_up_20240410_day,HD21,2024_0041_HD21_01_00004714.jpg,trolley2,1009.0,1016.0,1009.0,1017.0,8.0,0.49811675413689976,255.0,223.375,43.46875,-0.003130184811294282,,,0.17236328125,0.1722412109375,0.0009317398071289062,,0.0,0.0
126,126077,34,39.675116,Musashino_007_IchikawaOhno-FunabashiHoten_up_20240410_day,HD21,2024_0041_HD21_01_00004714.jpg,trolley2,1009.0,1017.0,1009.0,1017.0,8.0,0.49908340894508807,255.0,222.125,42.0,-0.0016836091630434385,,,0.172119140625,0.1719970703125,0.0009317398071289062,,0.0,0.0
126,126078,34,39.675118,Musashino_007_IchikawaOhno-FunabashiHoten_up_20240410_day,HD21,2024_0041_HD21_01_00004714.jpg,trolley2,1009.0,1017.0,1009.0,1017.0,8.0,0.4999188509286233,255.0,225.125,41.5625,-0.0003752274899947179,,,0.171875,0.1717529296875,0.0009317398071289062,,0.0,0.0
126,126079,34,39.67512,Musashino_007_IchikawaOhno-FunabashiHoten_up_20240410_day,HD21,2024_0041_HD21_01_00004714.jpg,trolley2,1009.0,1017.0,1009.0,1017.0,8.0,0.5006325113218336,255.0,225.125,41.1875,0.0008018708990678433,,,0.171630859375,0.171630859375,0.0009317398071289062,,0.0,0.0
126,126080,34,39.675122,Musashino_007_IchikawaOhno-FunabashiHoten_up_20240410_day,HD21,2024_0041_HD21_01_00004714.jpg,trolley2,1009.0,1017.0,1009.0,1017.0,8.0,0.5012330474951101,255.0,226.0,40.3125,0.0018546142248547983,,,0.1715087890625,0.17138671875,0.0009317398071289062,,0.0,0.0
126,126081,34,39.675124000000004,Musashino_007_IchikawaOhno-FunabashiHoten_up_20240410_day,HD21,2024_0041_HD21_01_00004714.jpg,trolley2,1009.0,1017.0,1009.0,1017.0,8.0,0.501728418771502,255.0,224.625,41.0,0.0027899081154591082,,,0.1712646484375,0.171142578125,0.0009317398071289062,,0.0,0.0
126,126082,34,39.675126,Musashino_007_IchikawaOhno-FunabashiHoten_up_20240410_day,HD21,2024_0041_HD21_01_00004714.jpg,trolley2,1009.0,1017.0,1009.0,1017.0,8.0,0.5021259534339574,254.0,223.5,41.40625,0.003614599665145556,,,0.1710205078125,0.1710205078125,0.0009317398071289062,,0.0,0.0
126,126083,34,39.675128,Musashino_007_IchikawaOhno-FunabashiHoten_up_20240410_day,HD21,2024_0041_HD21_01_00004714.jpg,trolley2,1009.0,1017.0,1009.0,1017.0,8.0,0.5024324081182284,254.0,224.5,41.28125,0.004335445476106436,,,0.1708984375,0.1707763671875,0.0009317398071289062,,0.0,0.0
126,126084,34,39.67513,Musashino_007_IchikawaOhno-FunabashiHoten_up_20240410_day,HD21,2024_0041_HD21_01_00004714.jpg,trolley2,1009.0,1017.0,1009.0,1017.0,8.0,0.5026540206004234,255.0,226.125,40.6875,0.0049590834745777135,,,0.170654296875,0.170654296875,0.0009317398071289062,,0.0,0.0
126,126085,34,39.675132,Musashino_007_IchikawaOhno-FunabashiHoten_up_20240410_day,HD21,2024_0041_HD21_01_00004714.jpg,trolley2,1009.0,1017.0,1009.0,1017.0,8.0,0.5027965568348495,255.0,227.0,40.59375,0.0054920082858164,,,0.1705322265625,0.17041015625,0.0009317398071289062,,0.0,0.0
126,126086,34,39.675134,Musashino_007_IchikawaOhno-FunabashiHoten_up_20240410_day,HD21,2024_0041_HD21_01_00004714.jpg,trolley2,1009.0,1017.0,1009.0,1017.0,8.0,0.5028653529707444,255.0,226.375,41.21875,0.0059405499488796405,,,0.1702880859375,0.1702880859375,0.0009317398071289062,,0.0,0.0
126,126087,34,39.675136,Musashino_007_IchikawaOhno-FunabashiHoten_up_20240410_day,HD21,2024_0041_HD21_01_00004714.jpg,trolley2,1009.0,1017.0,1009.0,1017.0,8.0,0.5028653529707443,254.0,225.125,41.59375,0.006310855751466762,,,0.170166015625,0.1700439453125,0.0009312629699707031,,0.0,0.0
126,126088,34,39.675138000000004,Musashino_007_IchikawaOhno-FunabashiHoten_up_20240410_day,HD21,2024_0041_HD21_01_00004714.jpg,trolley2,1009.0,1017.0,1009.0,1017.0,8.0,0.5028011423654937,255.0,225.0,41.09375,0.006608874966818963,,,0.169921875,0.169921875,0.0009312629699707031,,0.0,0.0
126,126089,34,39.67514,Musashino_007_IchikawaOhno-FunabashiHoten_up_20240410_day,HD21,2024_0041_HD21_01_00004714.jpg,trolley2,1009.0,1017.0,1009.0,1017.0,8.0,0.5026769786045276,254.0,224.875,41.46875,0.0068403462784356155,,,0.1697998046875,0.169677734375,0.0009312629699707031,,0.0,0.0
126,126090,34,39.675142,Musashino_007_IchikawaOhno-FunabashiHoten_up_20240410_day,HD21,2024_0041_HD21_01_00004714.jpg,trolley2,1009.0,1017.0,1009.0,1017.0,8.0,0.5024968184009256,253.0,225.375,42.0,0.007010787683721442,,,0.169677734375,0.1695556640625,0.0009312629699707031,,0.0,0.0
126,126091,34,39.675144,Musashino_007_IchikawaOhno-FunabashiHoten_up_20240410_day,HD21,2024_0041_HD21_01_00004714.jpg,trolley2,1009.0,1017.0,1009.0,1017.0,8.0,0.5022643424142056,254.0,225.0,42.09375,0.007125488674331906,,,0.16943359375,0.16943359375,0.0009312629699707031,,0.0,0.0
126,126092,34,39.675146,Musashino_007_IchikawaOhno-FunabashiHoten_up_20240410_day,HD21,2024_0041_HD21_01_00004714.jpg,trolley2,1009.0,1016.0,1009.0,1017.0,8.0,0.5019829775708746,255.0,224.375,42.625,0.004453348318202183,,,0.1693115234375,0.169189453125,0.0009312629699707031,,0.0,0.0
126,126093,34,39.675148,Musashino_007_IchikawaOhno-FunabashiHoten_up_20240410_day,HD21,2024_0041_HD21_01_00004714.jpg,trolley2,1009.0,1017.0,1009.0,1017.0,8.0,0.5016559172836375,255.0,226.0,41.125,0.004765332066218604,,,0.169189453125,0.1690673828125,0.0009312629699707031,,0.0,0.0
126,126094,34,39.67515,Musashino_007_IchikawaOhno-FunabashiHoten_up_20240410_day,HD21,2024_0041_HD21_01_00004714.jpg,trolley2,1009.0,1017.0,1009.0,1017.0,8.0,0.5012861397973893,255.0,234.375,34.96875,0.005019437618389451,,,0.1690673828125,0.1689453125,0.0009312629699707031,,0.0,0.0
126,126095,34,39.675152000000004,Musashino_007_IchikawaOhno-FunabashiHoten_up_20240410_day,HD21,2024_0041_HD21_01_00004714.jpg,trolley2,1009.0,1017.0,1009.0,1017.0,8.0,0.5008764248619176,254.0,231.5,37.1875,0.005220175091185048,,,0.1688232421875,0.1688232421875,0.0009312629699707031,,0.0,0.0
126,126096,34,39.675154,Musashino_007_IchikawaOhno-FunabashiHoten_up_20240410_day,HD21,2024_0041_HD21_01_00004714.jpg,trolley2,1009.0,1017.0,1009.0,1017.0,8.0,0.5004293689069466,255.0,228.25,39.28125,0.00537188673456785,,,0.168701171875,0.168701171875,0.0009312629699707031,,0.0,0.0
126,126097,34,39.675156,Musashino_007_IchikawaOhno-FunabashiHoten_up_20240410_day,HD21,2024_0041_HD21_01_00004714.jpg,trolley2,1009.0,1017.0,1009.0,1017.0,8.0,0.4999473988741904,253.0,229.25,37.6875,0.005478740273119388,,,0.1685791015625,0.16845703125,0.0009312629699707031,,0.0,0.0
126,126098,34,39.675158,Musashino_007_IchikawaOhno-FunabashiHoten_up_20240410_day,HD21,2024_0041_HD21_01_00004714.jpg,trolley2,1009.0,1017.0,1009.0,1017.0,8.0,0.4994327848429293,255.0,234.375,35.84375,0.005544723892631049,,,0.16845703125,0.1683349609375,0.0009312629699707031,,0.0,0.0
126,126099,34,39.67516,Musashino_007_IchikawaOhno-FunabashiHoten_up_20240410_day,HD21,2024_0041_HD21_01_00004714.jpg,trolley2,1009.0,1017.0,1009.0,1017.0,8.0,0.4988876515698588,254.0,234.5,35.46875,0.00557364272860255,,,0.1683349609375,0.168212890625,0.0009312629699707031,,0.0,0.0
126,126100,34,39.675162,Musashino_007_IchikawaOhno-FunabashiHoten_up_20240410_day,HD21,2024_0041_HD21_01_00004714.jpg,trolley2,1009.0,1017.0,1009.0,1017.0,8.0,0.49756985195624287,255.0,233.375,36.1875,0.005569116720014367,,,0.168212890625,0.1680908203125,0.0009312629699707031,,0.0,0.0
126,126101,34,39.675164,Musashino_007_IchikawaOhno-FunabashiHoten_up_20240410_day,HD21,2024_0041_HD21_01_00004714.jpg,trolley2,1009.0,1017.0,1009.0,1017.0,8.0,0.4960449637488579,255.0,233.5,36.59375,0.0055345796986746056,,,0.1680908203125,0.16796875,0.0009312629699707031,,0.0,0.0
126,126102,34,39.675166,Musashino_007_IchikawaOhno-FunabashiHoten_up_20240410_day,HD21,2024_0041_HD21_01_00004714.jpg,trolley2,1009.0,1017.0,1009.0,1017.0,8.0,0.49431107042371,255.0,232.5,35.8125,0.005473279591365389,,,0.16796875,0.1678466796875,0.0009312629699707031,,0.0,0.0
126,126103,34,39.675168,Musashino_007_IchikawaOhno-FunabashiHoten_up_20240410_day,HD21,2024_0041_HD21_01_00004714.jpg,trolley2,1009.0,1017.0,1009.0,1017.0,8.0,0.49236596391733045,255.0,235.875,34.90625,0.0053882796188427645,,,0.1678466796875,0.167724609375,0.0009312629699707031,,0.0,0.0
126,126104,34,39.67517,Musashino_007_IchikawaOhno-FunabashiHoten_up_20240410_day,HD21,2024_0041_HD21_01_00004714.jpg,trolley2,1009.0,1017.0,1009.0,1017.0,8.0,0.49020713000019667,255.0,229.875,38.40625,0.005282460382477907,,,0.167724609375,0.1676025390625,0.0009312629699707031,,0.0,0.0
126,126105,34,39.675172,Musashino_007_IchikawaOhno-FunabashiHoten_up_20240410_day,HD21,2024_0041_HD21_01_00004714.jpg,trolley2,1009.0,1017.0,1009.0,1017.0,8.0,0.4878317312145627,254.0,229.125,38.9375,0.005158522735915901,,,0.1676025390625,0.16748046875,0.0009312629699707031,,0.0,0.0
126,126106,34,39.675174,Musashino_007_IchikawaOhno-FunabashiHoten_up_20240410_day,HD21,2024_0041_HD21_01_00004714.jpg,trolley2,1009.0,1017.0,1009.0,1017.0,8.0,0.485236587093909,253.0,231.5,37.5,0.005018991345547535,,,0.16748046875,0.1673583984375,0.0009312629699707031,,0.0,0.0
126,126107,34,39.675176,Musashino_007_IchikawaOhno-FunabashiHoten_up_20240410_day,HD21,2024_0041_HD21_01_00004714.jpg,trolley2,1009.0,1017.0,1009.0,1017.0,8.0,0.4824181513244209,252.0,235.375,35.3125,0.004866218849844646,,,0.1673583984375,0.167236328125,0.0009312629699707031,,0.0,0.0
126,126108,34,39.675178,Musashino_007_IchikawaOhno-FunabashiHoten_up_20240410_day,HD21,2024_0041_HD21_01_00004714.jpg,trolley2,1009.0,1017.0,1009.0,1017.0,8.0,0.4793724854411013,252.0,235.75,35.3125,0.0047023905336651675,,,0.167236328125,0.1671142578125,0.0009312629699707031,,0.0,0.0
126,126109,34,39.67518,Musashino_007_IchikawaOhno-FunabashiHoten_up_20240410_day,HD21,2024_0041_HD21_01_00004714.jpg,trolley2,1009.0,1017.0,1009.0,1017.0,8.0,0.4760952285695222,253.0,233.125,37.40625,0.0045295294394909515,,,0.1671142578125,0.1669921875,0.0009312629699707031,,0.0,0.0
126,126110,34,39.675182,Musashino_007_IchikawaOhno-FunabashiHoten_up_20240410_day,HD21,2024_0041_HD21_01_00004714.jpg,trolley2,1009.0,1017.0,1009.0,1017.0,8.0,0.4725815626252595,253.0,232.625,37.6875,0.004349501843220444,,,0.1669921875,0.1668701171875,0.0009312629699707031,,0.0,0.0
126,126111,34,39.675184,Musashino_007_IchikawaOhno-FunabashiHoten_up_20240410_day,HD21,2024_0041_HD21_01_00004714.jpg,trolley2,1009.0,1017.0,1009.0,1017.0,8.0,0.4688261722621493,254.0,235.125,36.28125,0.004164023027580833,,,0.1668701171875,0.166748046875,0.0009312629699707031,,0.0,0.0
126,126112,34,39.675186000000004,Musashino_007_IchikawaOhno-FunabashiHoten_up_20240410_day,HD21,2024_0041_HD21_01_00004714.jpg,trolley2,1009.0,1017.0,1009.0,1017.0,8.0,0.4648231987117302,255.0,235.25,35.46875,0.003974663291453179,,,0.166748046875,0.166748046875,0.0009312629699707031,,0.0,0.0
126,126113,34,39.675188,Musashino_007_IchikawaOhno-FunabashiHoten_up_20240410_day,HD21,2024_0041_HD21_01_00004714.jpg,trolley2,1009.0,1017.0,1009.0,1017.0,8.0,0.4605661864718366,254.0,235.25,34.125,0.0037828541384255982,,,0.1666259765625,0.1666259765625,0.0009312629699707031,,0.0,0.0
126,126114,34,39.67519,Musashino_007_IchikawaOhno-FunabashiHoten_up_20240410_day,HD21,2024_0041_HD21_01_00004714.jpg,trolley2,1009.0,1017.0,1009.0,1017.0,8.0,0.4560480215720668,253.0,235.375,33.65625,0.0035898945926885516,,,0.1666259765625,0.16650390625,0.0009312629699707031,,0.0,0.0
126,126115,34,39.675192,Musashino_007_IchikawaOhno-FunabashiHoten_up_20240410_day,HD21,2024_0041_HD21_01_00004714.jpg,trolley2,1009.0,1017.0,1009.0,1017.0,8.0,0.451260859854211,254.0,235.5,33.9375,0.003396957594966644,,,0.16650390625,0.1663818359375,0.0009312629699707031,,0.0,0.0
126,126116,34,39.675194,Musashino_007_IchikawaOhno-FunabashiHoten_up_20240410_day,HD21,2024_0041_HD21_01_00004714.jpg,trolley2,1009.0,1017.0,1009.0,1017.0,8.0,0.44619604333847157,254.0,235.625,33.53125,0.0032050964355537356,,,0.1663818359375,0.166259765625,0.0009312629699707031,,0.0,0.0
126,126117,34,39.675196,Musashino_007_IchikawaOhno-FunabashiHoten_up_20240410_day,HD21,2024_0041_HD21_01_00004714.jpg,trolley2,1009.0,1017.0,1009.0,1017.0,8.0,0.4408440022768058,252.0,236.5,32.65625,0.003015251185671293,,,0.166259765625,0.166259765625,0.0009312629699707031,,0.0,0.0
126,126118,34,39.675198,Musashino_007_IchikawaOhno-FunabashiHoten_up_20240410_day,HD21,2024_0041_HD21_01_00004714.jpg,trolley2,1009.0,1017.0,1009.0,1017.0,8.0,0.4351941398892422,252.0,237.375,31.578125,0.0028282550923024734,,,0.1661376953125,0.1661376953125,0.0009312629699707031,,0.0,0.0
126,126119,34,39.675200000000004,Musashino_007_IchikawaOhno-FunabashiHoten_up_20240410_day,HD21,2024_0041_HD21_01_00004714.jpg,trolley2,1009.0,1017.0,1009.0,1017.0,8.0,0.4292346959909253,254.0,238.375,31.015625,0.002644840905387499,,,0.1661376953125,0.166015625,0.0009312629699707031,,0.0,0.0
126,126120,34,39.675202,Musashino_007_IchikawaOhno-FunabashiHoten_up_20240410_day,HD21,2024_0041_HD21_01_00004714.jpg,trolley2,1009.0,1017.0,1009.0,1017.0,8.0,0.4229525846816479,254.0,237.5,31.890625,0.0024656471097814605,,,0.166015625,0.1658935546875,0.0009312629699707031,,0.0,0.0
126,126121,34,39.675204,Musashino_007_IchikawaOhno-FunabashiHoten_up_20240410_day,HD21,2024_0041_HD21_01_00004714.jpg,trolley2,1009.0,1017.0,1009.0,1017.0,8.0,0.4163331998932236,255.0,237.0,32.78125,0.0022912240376872168,,,0.1658935546875,0.1658935546875,0.0009312629699707031,,0.0,0.0
126,126122,34,39.675206,Musashino_007_IchikawaOhno-FunabashiHoten_up_20240410_day,HD21,2024_0041_HD21_01_00004714.jpg,trolley2,1009.0,1017.0,1009.0,1017.0,8.0,0.4093601807403293,255.0,236.5,33.21875,0.002122039840380736,,,0.165771484375,0.165771484375,0.0009312629699707031,,0.0,0.0
126,126123,34,39.675208,Musashino_007_IchikawaOhno-FunabashiHoten_up_20240410_day,HD21,2024_0041_HD21_01_00004714.jpg,trolley2,1009.0,1017.0,1009.0,1017.0,8.0,0.40201512610368156,255.0,236.625,33.34375,0.0019584863009614573,,,0.165771484375,0.1656494140625,0.0009312629699707031,,0.0,0.0
126,126124,34,39.67521,Musashino_007_IchikawaOhno-FunabashiHoten_up_20240410_day,HD21,2024_0041_HD21_01_00004714.jpg,trolley2,1009.0,1017.0,1009.0,1017.0,8.0,0.39427724440365913,254.0,237.0,32.53125,0.0018008844725731965,,,0.1656494140625,0.16552734375,0.0009312629699707031,,0.0,0.0
126,126125,34,39.675212,Musashino_007_IchikawaOhno-FunabashiHoten_up_20240410_day,HD21,2024_0041_HD21_01_00004714.jpg,trolley2,1009.0,1017.0,1009.0,1017.0,8.0,0.38612291966536555,254.0,238.125,31.5,0.0016494901290670385,,,0.16552734375,0.16552734375,0.0009312629699707031,,0.0,0.0
126,126126,34,39.675214000000004,Musashino_007_IchikawaOhno-FunabashiHoten_up_20240410_day,HD21,2024_0041_HD21_01_00004714.jpg,trolley2,1009.0,1017.0,1009.0,1017.0,8.0,0.3775251680686331,255.0,238.0,31.65625,0.0015044990174206629,,,0.16552734375,0.1654052734375,0.0009312629699707031,,0.0,0.0
126,126127,34,39.675216,Musashino_007_IchikawaOhno-FunabashiHoten_up_20240410_day,HD21,2024_0041_HD21_01_00004714.jpg,trolley2,1009.0,1017.0,1009.0,1017.0,8.0,0.3684529491774667,255.0,236.25,33.34375,0.0013660519033917116,,,0.1654052734375,0.165283203125,0.0009312629699707031,,0.0,0.0
126,126128,34,39.675218,Musashino_007_IchikawaOhno-FunabashiHoten_up_20240410_day,HD21,2024_0041_HD21_01_00004714.jpg,trolley2,1009.0,1017.0,1009.0,1017.0,8.0,0.35887028128263254,255.0,236.875,32.875,0.0012342394038800633,,,0.165283203125,0.165283203125,0.0009312629699707031,,0.0,0.0
126,126129,34,39.67522,Musashino_007_IchikawaOhno-FunabashiHoten_up_20240410_day,HD21,2024_0041_HD21_01_00004714.jpg,trolley2,1009.0,1017.0,1009.0,1017.0,8.0,0.3487350880197726,255.0,237.5,32.625,0.001109106601292798,,,0.165283203125,0.1651611328125,0.0009312629699707031,,0.0,0.0
126,126130,34,39.675222,Musashino_007_IchikawaOhno-FunabashiHoten_up_20240410_day,HD21,2024_0041_HD21_01_00004714.jpg,trolley2,1009.0,1017.0,1009.0,1017.0,8.0,0.3379976689896265,255.0,237.875,32.09375,0.000990657436881029,,,0.1651611328125,0.1651611328125,0.0009312629699707031,,0.0,0.0
126,126131,34,39.675224,Musashino_007_IchikawaOhno-FunabashiHoten_up_20240410_day,HD21,2024_0041_HD21_01_00004714.jpg,trolley2,1009.0,1017.0,1009.0,1017.0,8.0,0.32659863237108555,255.0,237.5,31.953125,0.0008788588815288208,,,0.1650390625,0.1650390625,0.0009312629699707031,,0.0,0.0
126,126132,34,39.675226,Musashino_007_IchikawaOhno-FunabashiHoten_up_20240410_day,HD21,2024_0041_HD21_01_00004714.jpg,trolley2,1009.0,1017.0,1009.0,1017.0,8.0,0.3144660377352149,255.0,237.125,32.78125,0.000773644883846684,,,0.1650390625,0.1649169921875,0.0009312629699707031,,0.0,0.0
126,126133,34,39.675228000000004,Musashino_007_IchikawaOhno-FunabashiHoten_up_20240410_day,HD21,2024_0041_HD21_01_00004714.jpg,trolley2,1009.0,1017.0,1009.0,1017.0,8.0,0.301511344577758,255.0,236.5,33.71875,0.0006749200966544434,,,0.1649169921875,0.1649169921875,0.0009312629699707031,,0.0,0.0
126,126134,34,39.67523,Musashino_007_IchikawaOhno-FunabashiHoten_up_20240410_day,HD21,2024_0041_HD21_01_00004714.jpg,trolley2,1009.0,1017.0,1009.0,1017.0,8.0,0.28762349126465536,255.0,236.375,33.6875,0.0005825633840404324,,,0.1649169921875,0.164794921875,0.0009312629699707031,,0.0,0.0
126,126135,34,39.675232,Musashino_007_IchikawaOhno-FunabashiHoten_up_20240410_day,HD21,2024_0041_HD21_01_00004714.jpg,trolley2,1009.0,1017.0,1009.0,1017.0,8.0,0.27265992434428427,255.0,236.5,33.375,0.0004964311121635448,,,0.164794921875,0.164794921875,0.0009312629699707031,,0.0,0.0
126,126136,34,39.675234,Musashino_007_IchikawaOhno-FunabashiHoten_up_20240410_day,HD21,2024_0041_HD21_01_00004714.jpg,trolley2,1009.0,1017.0,1009.0,1017.0,8.0,0.2564323999762358,255.0,238.5,30.84375,0.0004163602278187869,,,0.164794921875,0.1646728515625,0.0009312629699707031,,0.0,0.0
126,126137,34,39.675236,Musashino_007_IchikawaOhno-FunabashiHoten_up_20240410_day,HD21,2024_0041_HD21_01_00004714.jpg,trolley2,1009.0,1017.0,1009.0,1017.0,8.0,0.23868325657593434,255.0,238.75,30.65625,0.00034217112954971487,,,0.1646728515625,0.16455078125,0.0009312629699707031,,0.0,0.0
126,126138,34,39.675238,Musashino_007_IchikawaOhno-FunabashiHoten_up_20240410_day,HD21,2024_0041_HD21_01_00004714.jpg,trolley2,1009.0,1018.0,1009.0,1017.0,8.0,0.21904291355758176,255.0,239.0,29.625,0.0030093803495905022,,,0.16455078125,0.16455078125,0.0009312629699707031,,0.0,0.0
126,126139,34,39.67524,Musashino_007_IchikawaOhno-FunabashiHoten_up_20240410_day,HD21,2024_0041_HD21_01_00004714.jpg,trolley2,1009.0,1018.0,1009.0,1017.0,8.0,0.19694638556692265,255.0,239.875,28.5625,0.005388313824212421,,,0.16455078125,0.1644287109375,0.0009312629699707031,,0.0,0.0
126,126140,34,39.675242,Musashino_007_IchikawaOhno-FunabashiHoten_up_20240410_day,HD21,2024_0041_HD21_01_00004714.jpg,trolley2,1009.0,1018.0,1009.0,1017.0,8.0,0.17144660799775385,255.0,240.625,27.875,0.007495333012128132,,,0.1644287109375,0.1644287109375,0.0009312629699707031,,0.0,0.0
126,126141,34,39.675244,Musashino_007_IchikawaOhno-FunabashiHoten_up_20240410_day,HD21,2024_0041_HD21_01_00004714.jpg,trolley2,1009.0,1018.0,1009.0,1017.0,8.0,0.14070529413627544,255.0,240.5,28.0,0.009346619774404073,,,0.1644287109375,0.164306640625,0.0009312629699707031,,0.0,0.0
126,126142,34,39.675246,Musashino_007_IchikawaOhno-FunabashiHoten_up_20240410_day,HD21,2024_0041_HD21_01_00004714.jpg,trolley2,1009.0,1017.0,1009.0,1017.0,8.0,0.09999999999997958,255.0,239.5,29.375,0.008222396269851086,,,0.164306640625,0.164306640625,0.0009312629699707031,,0.0,0.0
126,126143,34,39.675248,Musashino_007_IchikawaOhno-FunabashiHoten_up_20240410_day,HD21,2024_0041_HD21_01_00004714.jpg,trolley2,1009.0,1017.0,1009.0,1017.0,8.0,0.0,255.0,238.75,30.484375,0.007167752074190706,,,0.164306640625,0.1641845703125,0.0009312629699707031,,0.0,0.0
126,126144,34,39.67525,Musashino_007_IchikawaOhno-FunabashiHoten_up_20240410_day,HD21,2024_0041_HD21_01_00004714.jpg,trolley2,1009.0,1017.0,1009.0,1017.0,8.0,0.0,255.0,238.5,31.359375,0.006181366897686212,,,0.1641845703125,0.1641845703125,0.0009312629699707031,,0.0,0.0
126,126145,34,39.675252,Musashino_007_IchikawaOhno-FunabashiHoten_up_20240410_day,HD21,2024_0041_HD21_01_00004714.jpg,trolley2,1009.0,1017.0,1009.0,1017.0,8.0,0.0,255.0,238.375,31.234375,0.005261681523054758,,,0.1641845703125,0.1640625,0.0009312629699707031,,0.0,0.0
126,126146,34,39.675254,Musashino_007_IchikawaOhno-FunabashiHoten_up_20240410_day,HD21,2024_0041_HD21_01_00004714.jpg,trolley2,1009.0,1017.0,1009.0,1017.0,8.0,0.0,255.0,238.125,30.890625,0.004406930685642643,,,0.1640625,0.1640625,0.0009312629699707031,,0.0,0.0
126,126147,34,39.675256,Musashino_007_IchikawaOhno-FunabashiHoten_up_20240410_day,HD21,2024_0041_HD21_01_00004714.jpg,trolley2,1009.0,1017.0,1009.0,1017.0,8.0,0.0,255.0,238.75,30.65625,0.0036151737301924032,,,0.1640625,0.1639404296875,0.0009312629699707031,,0.0,0.0
126,126148,34,39.675258,Musashino_007_IchikawaOhno-FunabashiHoten_up_20240410_day,HD21,2024_0041_HD21_01_00004714.jpg,trolley2,1009.0,1017.0,1009.0,1017.0,8.0,0.0,255.0,239.5,29.859375,0.0028843231030339445,,,0.1639404296875,0.1639404296875,0.0009312629699707031,,0.0,0.0
126,126149,34,39.67526,Musashino_007_IchikawaOhno-FunabashiHoten_up_20240410_day,HD21,2024_0041_HD21_01_00004714.jpg,trolley2,1009.0,1018.0,1009.0,1017.0,8.0,0.0,255.0,240.125,29.078125,0.004947879954519717,,,0.1639404296875,0.163818359375,0.0009312629699707031,,0.0,0.0
126,126150,34,39.675262000000004,Musashino_007_IchikawaOhno-FunabashiHoten_up_20240410_day,HD21,2024_0041_HD21_01_00004714.jpg,trolley2,1009.0,1018.0,1009.0,1017.0,8.0,0.0,255.0,240.875,28.28125,0.00677407170837397,,,0.163818359375,0.163818359375,0.0009312629699707031,,0.0,0.0
126,126151,34,39.675264,Musashino_007_IchikawaOhno-FunabashiHoten_up_20240410_day,HD21,2024_0041_HD21_01_00004714.jpg,trolley2,1009.0,1018.0,1009.0,1017.0,8.0,0.0,255.0,240.875,27.453125,0.008377095939925276,,,0.163818359375,0.1636962890625,0.0009312629699707031,,0.0,0.0
126,126152,34,39.675266,Musashino_007_IchikawaOhno-FunabashiHoten_up_20240410_day,HD21,2024_0041_HD21_01_00004714.jpg,trolley2,1009.0,1018.0,1009.0,1018.0,9.0,0.09999999999997958,254.0,227.5,45.375,0.00977092441922524,,,0.163818359375,0.1636962890625,0.0009312629699707031,,0.0,0.0
126,126153,34,39.675268,Musashino_007_IchikawaOhno-FunabashiHoten_up_20240410_day,HD21,2024_0041_HD21_01_00004714.jpg,trolley2,1009.0,1018.0,1009.0,1018.0,9.0,0.14070529413627544,255.0,228.625,45.03125,0.010969249676625978,,,0.1636962890625,0.1636962890625,0.0009312629699707031,,0.0,0.0
126,126154,34,39.67527,Musashino_007_IchikawaOhno-FunabashiHoten_up_20240410_day,HD21,2024_0041_HD21_01_00004714.jpg,trolley2,1009.0,1018.0,1009.0,1018.0,9.0,0.17144660799775385,255.0,228.875,45.09375,0.011985438541729343,,,0.1636962890625,0.16357421875,0.0009312629699707031,,0.0,0.0
126,126155,34,39.675272,Musashino_007_IchikawaOhno-FunabashiHoten_up_20240410_day,HD21,2024_0041_HD21_01_00004714.jpg,trolley2,1009.0,1018.0,1009.0,1018.0,9.0,0.19694638556692265,255.0,229.0,44.75,0.012832492199255445,,,0.16357421875,0.16357421875,0.0009312629699707031,,0.0,0.0
126,126156,34,39.675274,Musashino_007_IchikawaOhno-FunabashiHoten_up_20240410_day,HD21,2024_0041_HD21_01_00004714.jpg,trolley2,1009.0,1018.0,1009.0,1018.0,9.0,0.21904291355758176,255.0,229.375,43.8125,0.013523012316229543,,,0.16357421875,0.1634521484375,0.0009312629699707031,,0.0,0.0
126,126157,34,39.675276000000004,Musashino_007_IchikawaOhno-FunabashiHoten_up_20240410_day,HD21,2024_0041_HD21_01_00004714.jpg,trolley2,1009.0,1018.0,1009.0,1018.0,9.0,0.23868325657593434,255.0,229.75,43.46875,0.014069172807079767,,,0.1634521484375,0.1634521484375,0.0009312629699707031,,0.0,0.0
126,126158,34,39.675278,Musashino_007_IchikawaOhno-FunabashiHoten_up_20240410_day,HD21,2024_0041_HD21_01_00004714.jpg,trolley2,1009.0,1018.0,1009.0,1018.0,9.0,0.2564323999762358,255.0,229.0,44.9375,0.014482696816568108,,,0.1634521484375,0.1634521484375,0.0009312629699707031,,0.0,0.0
126,126159,34,39.67528,Musashino_007_IchikawaOhno-FunabashiHoten_up_20240410_day,HD21,2024_0041_HD21_01_00004714.jpg,trolley2,1009.0,1018.0,1009.0,1018.0,9.0,0.27265992434428427,255.0,227.375,46.6875,0.01477483851473106,,,0.1634521484375,0.163330078125,0.0009312629699707031,,0.0,0.0
126,126160,34,39.675282,Musashino_007_IchikawaOhno-FunabashiHoten_up_20240410_day,HD21,2024_0041_HD21_01_00004714.jpg,trolley2,1009.0,1018.0,1009.0,1018.0,9.0,0.28762349126465536,254.0,227.375,46.34375,0.014956369313043841,,,0.163330078125,0.163330078125,0.0009312629699707031,,0.0,0.0
126,126161,34,39.675284,Musashino_007_IchikawaOhno-FunabashiHoten_up_20240410_day,HD21,2024_0041_HD21_01_00004714.jpg,trolley2,1009.0,1018.0,1009.0,1018.0,9.0,0.301511344577758,254.0,226.25,46.875,0.01503756812665659,,,0.163330078125,0.1632080078125,0.0009312629699707031,,0.0,0.0
126,126162,34,39.675286,Musashino_007_IchikawaOhno-FunabashiHoten_up_20240410_day,HD21,2024_0041_HD21_01_00004714.jpg,trolley2,1009.0,1018.0,1009.0,1018.0,9.0,0.3144660377352149,255.0,226.75,45.6875,0.015028215323642695,,,0.1632080078125,0.1632080078125,0.0009312629699707031,,0.0,0.0
126,126163,34,39.675288,Musashino_007_IchikawaOhno-FunabashiHoten_up_20240410_day,HD21,2024_0041_HD21_01_00004714.jpg,trolley2,1009.0,1017.0,1009.0,1018.0,9.0,0.32659863237108555,254.0,224.125,48.125,0.012201881674762372,,,0.1632080078125,0.1632080078125,0.0009312629699707031,,0.0,0.0
126,126164,34,39.675290000000004,Musashino_007_IchikawaOhno-FunabashiHoten_up_20240410_day,HD21,2024_0041_HD21_01_00004714.jpg,trolley2,1009.0,1018.0,1009.0,1018.0,9.0,0.3379976689896265,255.0,227.875,45.34375,0.01233252096956764,,,0.1632080078125,0.1630859375,0.0009312629699707031,,0.0,0.0
126,126165,34,39.675292,Musashino_007_IchikawaOhno-FunabashiHoten_up_20240410_day,HD21,2024_0041_HD21_01_00004714.jpg,trolley2,1009.0,1018.0,1009.0,1018.0,9.0,0.3487350880197726,255.0,227.875,44.875,0.012382370706527175,,,0.1630859375,0.1630859375,0.0009312629699707031,,0.0,0.0
126,126166,34,39.675294,Musashino_007_IchikawaOhno-FunabashiHoten_up_20240410_day,HD21,2024_0041_HD21_01_00004714.jpg,trolley2,1009.0,1018.0,1009.0,1018.0,9.0,0.35887028128263254,255.0,230.75,42.125,0.012359391245073202,,,0.1630859375,0.1629638671875,0.0009312629699707031,,0.0,0.0
126,126167,34,39.675296,Musashino_007_IchikawaOhno-FunabashiHoten_up_20240410_day,HD21,2024_0041_HD21_01_00004714.jpg,trolley2,1009.0,1018.0,1009.0,1018.0,9.0,0.3684529491774667,255.0,229.625,42.46875,0.012271130198356163,,,0.1630859375,0.1629638671875,0.0009312629699707031,,0.0,0.0
126,126168,34,39.675298,Musashino_007_IchikawaOhno-FunabashiHoten_up_20240410_day,HD21,2024_0041_HD21_01_00004714.jpg,trolley2,1009.0,1018.0,1009.0,1018.0,9.0,0.3775251680686331,254.0,227.875,44.6875,0.012124723199366376,,,0.1629638671875,0.1629638671875,0.0009312629699707031,,0.0,0.0
126,126169,34,39.6753,Musashino_007_IchikawaOhno-FunabashiHoten_up_20240410_day,HD21,2024_0041_HD21_01_00004714.jpg,trolley2,1009.0,1018.0,1009.0,1018.0,9.0,0.38612291966536555,255.0,228.75,44.9375,0.011926896843082376,,,0.1629638671875,0.162841796875,0.0009312629699707031,,0.0,0.0
126,126170,34,39.675302,Musashino_007_IchikawaOhno-FunabashiHoten_up_20240410_day,HD21,2024_0041_HD21_01_00004714.jpg,trolley2,1009.0,1018.0,1009.0,1018.0,9.0,0.39427724440365913,253.0,228.125,44.875,0.011683973566798945,,,0.162841796875,0.162841796875,0.0009312629699707031,,0.0,0.0
126,126171,34,39.675304000000004,Musashino_007_IchikawaOhno-FunabashiHoten_up_20240410_day,HD21,2024_0041_HD21_01_00004714.jpg,trolley2,1009.0,1018.0,1009.0,1018.0,9.0,0.40201512610368156,252.0,227.5,45.0,0.011401878244414868,,,0.162841796875,0.162841796875,0.0009312629699707031,,0.0,0.0
126,126172,34,39.675306,Musashino_007_IchikawaOhno-FunabashiHoten_up_20240410_day,HD21,2024_0041_HD21_01_00004714.jpg,trolley2,1009.0,1018.0,1009.0,1018.0,9.0,0.4093601807403293,254.0,228.625,45.125,0.011086146283934204,,,0.162841796875,0.1627197265625,0.0009312629699707031,,0.0,0.0
126,126173,34,39.675308,Musashino_007_IchikawaOhno-FunabashiHoten_up_20240410_day,HD21,2024_0041_HD21_01_00004714.jpg,trolley2,1009.0,1018.0,1009.0,1018.0,9.0,0.4163331998932236,254.0,228.625,45.40625,0.01074193303069058,,,0.1627197265625,0.1627197265625,0.0009312629699707031,,0.0,0.0
126,126174,34,39.67531,Musashino_007_IchikawaOhno-FunabashiHoten_up_20240410_day,HD21,2024_0041_HD21_01_00004714.jpg,trolley2,1009.0,1018.0,1009.0,1018.0,9.0,0.4229525846816479,253.0,228.125,44.90625,0.01037402429177798,,,0.1627197265625,0.1627197265625,0.0009312629699707031,,0.0,0.0
126,126175,34,39.675312,Musashino_007_IchikawaOhno-FunabashiHoten_up_20240410_day,HD21,2024_0041_HD21_01_00004714.jpg,trolley2,1009.0,1018.0,1009.0,1018.0,9.0,0.4292346959909253,255.0,229.75,44.40625,0.009986847809850354,,,0.1627197265625,0.16259765625,0.0009312629699707031,,0.0,0.0
126,126176,34,39.675314,Musashino_007_IchikawaOhno-FunabashiHoten_up_20240410_day,HD21,2024_0041_HD21_01_00004714.jpg,trolley2,1009.0,1018.0,1009.0,1018.0,9.0,0.4351941398892422,255.0,227.25,45.3125,0.009584485526762644,,,0.16259765625,0.16259765625,0.0009312629699707031,,0.0,0.0
126,126177,34,39.675316,Musashino_007_IchikawaOhno-FunabashiHoten_up_20240410_day,HD21,2024_0041_HD21_01_00004714.jpg,trolley2,1009.0,1018.0,1009.0,1018.0,9.0,0.4408440022768058,255.0,228.25,44.4375,0.009170686489464131,,,0.16259765625,0.16259765625,0.0009312629699707031,,0.0,0.0
126,126178,34,39.675318,Musashino_007_IchikawaOhno-FunabashiHoten_up_20240410_day,HD21,2024_0041_HD21_01_00004714.jpg,trolley2,1009.0,1018.0,1009.0,1018.0,9.0,0.44619604333847157,254.0,229.25,43.59375,0.00874888026207955,,,0.16259765625,0.1624755859375,0.0009312629699707031,,0.0,0.0
126,126179,34,39.67532,Musashino_007_IchikawaOhno-FunabashiHoten_up_20240410_day,HD21,2024_0041_HD21_01_00004714.jpg,trolley2,1009.0,1018.0,1009.0,1018.0,9.0,0.451260859854211,254.0,229.75,43.625,0.008322190719213017,,,0.16259765625,0.1624755859375,0.0009312629699707031,,0.0,0.0
126,126180,34,39.675322,Musashino_007_IchikawaOhno-FunabashiHoten_up_20240410_day,HD21,2024_0041_HD21_01_00004714.jpg,trolley2,1009.0,1018.0,1009.0,1018.0,9.0,0.4560480215720668,253.0,229.875,43.5,0.007893450106153863,,,0.1624755859375,0.1624755859375,0.0009312629699707031,,0.0,0.0
126,126181,34,39.675324,Musashino_007_IchikawaOhno-FunabashiHoten_up_20240410_day,HD21,2024_0041_HD21_01_00004714.jpg,trolley2,1009.0,1018.0,1009.0,1018.0,9.0,0.4605661864718366,253.0,230.75,43.21875,0.007465213261861413,,,0.1624755859375,0.1624755859375,0.0009312629699707031,,0.0,0.0
126,126182,34,39.675326,Musashino_007_IchikawaOhno-FunabashiHoten_up_20240410_day,HD21,2024_0041_HD21_01_00004714.jpg,trolley2,1009.0,1018.0,1009.0,1018.0,9.0,0.4648231987117302,253.0,231.25,42.96875,0.007039771910314333,,,0.1624755859375,0.162353515625,0.0009312629699707031,,0.0,0.0
126,126183,34,39.675328,Musashino_007_IchikawaOhno-FunabashiHoten_up_20240410_day,HD21,2024_0041_HD21_01_00004714.jpg,trolley2,1009.0,1018.0,1009.0,1018.0,9.0,0.4688261722621493,253.0,231.25,43.09375,0.006619168935069222,,,0.162353515625,0.162353515625,0.0009312629699707031,,0.0,0.0
126,126184,34,39.67533,Musashino_007_IchikawaOhno-FunabashiHoten_up_20240410_day,HD21,2024_0041_HD21_01_00004714.jpg,trolley2,1009.0,1018.0,1009.0,1018.0,9.0,0.4725815626252595,255.0,230.5,43.15625,0.006205212560634293,,,0.162353515625,0.162353515625,0.0009312629699707031,,0.0,0.0
126,126185,34,39.675332,Musashino_007_IchikawaOhno-FunabashiHoten_up_20240410_day,HD21,2024_0041_HD21_01_00004714.jpg,trolley2,1009.0,1018.0,1009.0,1018.0,9.0,0.4760952285695222,254.0,231.75,42.25,0.0057994903725661915,,,0.162353515625,0.1622314453125,0.0009312629699707031,,0.0,0.0
126,126186,34,39.675334,Musashino_007_IchikawaOhno-FunabashiHoten_up_20240410_day,HD21,2024_0041_HD21_01_00004714.jpg,trolley2,1009.0,1018.0,1009.0,1018.0,9.0,0.4793724854411013,255.0,230.75,42.5625,0.005403383116012067,,,0.1622314453125,0.1622314453125,0.0009312629699707031,,0.0,0.0
126,126187,34,39.675336,Musashino_007_IchikawaOhno-FunabashiHoten_up_20240410_day,HD21,2024_0041_HD21_01_00004714.jpg,trolley2,1009.0,1018.0,1009.0,1018.0,9.0,0.4824181513244209,254.0,232.25,41.625,0.005018078219779238,,,0.1622314453125,0.1622314453125,0.0009312629699707031,,0.0,0.0
126,126188,34,39.675338,Musashino_007_IchikawaOhno-FunabashiHoten_up_20240410_day,HD21,2024_0041_HD21_01_00004714.jpg,trolley2,1009.0,1018.0,1009.0,1018.0,9.0,0.485236587093909,253.0,232.0,41.5625,0.004644582999908277,,,0.1622314453125,0.1622314453125,0.0009312629699707031,,0.0,0.0
126,126189,34,39.67534,Musashino_007_IchikawaOhno-FunabashiHoten_up_20240410_day,HD21,2024_0041_HD21_01_00004714.jpg,trolley2,1009.0,1018.0,1009.0,1018.0,9.0,0.4878317312145627,254.0,230.375,42.6875,0.004283737503167092,,,0.1622314453125,0.162109375,0.0009312629699707031,,0.0,0.0
126,126190,34,39.675342,Musashino_007_IchikawaOhno-FunabashiHoten_up_20240410_day,HD21,2024_0041_HD21_01_00004714.jpg,trolley2,1009.0,1018.0,1009.0,1018.0,9.0,0.49020713000019667,253.0,230.875,42.3125,0.003936226956890791,,,0.162109375,0.162109375,0.0009312629699707031,,0.0,0.0
126,126191,34,39.675344,Musashino_007_IchikawaOhno-FunabashiHoten_up_20240410_day,HD21,2024_0041_HD21_01_00004714.jpg,trolley2,1009.0,1018.0,1009.0,1018.0,9.0,0.49236596391733045,254.0,228.875,43.5,0.0036025937971636097,,,0.162109375,0.162109375,0.0009312629699707031,,0.0,0.0
126,126192,34,39.675346,Musashino_007_IchikawaOhno-FunabashiHoten_up_20240410_day,HD21,2024_0041_HD21_01_00004714.jpg,trolley2,1009.0,1018.0,1009.0,1018.0,9.0,0.49431107042371,255.0,230.25,43.28125,0.0032832492525019874,,,0.162109375,0.1619873046875,0.0009312629699707031,,0.0,0.0
126,126193,34,39.675348,Musashino_007_IchikawaOhno-FunabashiHoten_up_20240410_day,HD21,2024_0041_HD21_01_00004714.jpg,trolley2,1009.0,1018.0,1009.0,1018.0,9.0,0.4960449637488579,255.0,229.25,43.8125,0.002978484464960151,,,0.162109375,0.1619873046875,0.0009312629699707031,,0.0,0.0
126,126194,34,39.67535,Musashino_007_IchikawaOhno-FunabashiHoten_up_20240410_day,HD21,2024_0041_HD21_01_00004714.jpg,trolley2,1009.0,1018.0,1009.0,1018.0,9.0,0.49756985195624287,255.0,228.625,44.40625,0.00268848113494774,,,0.1619873046875,0.1619873046875,0.0009312629699707031,,0.0,0.0
126,126195,34,39.675352000000004,Musashino_007_IchikawaOhno-FunabashiHoten_up_20240410_day,HD21,2024_0041_HD21_01_00004714.jpg,trolley2,1009.0,1018.0,1009.0,1018.0,9.0,0.4988876515698588,255.0,229.625,43.46875,0.0024133216800564187,,,0.1619873046875,0.1619873046875,0.0009312629699707031,,0.0,0.0
126,126196,34,39.675354,Musashino_007_IchikawaOhno-FunabashiHoten_up_20240410_day,HD21,2024_0041_HD21_01_00004714.jpg,trolley2,1009.0,1018.0,1009.0,1018.0,9.0,0.5,255.0,230.875,42.15625,0.0021529989018365843,,,0.1619873046875,0.161865234375,0.0009312629699707031,,0.0,0.0
126,126197,34,39.675356,Musashino_007_IchikawaOhno-FunabashiHoten_up_20240410_day,HD21,2024_0041_HD21_01_00004714.jpg,trolley2,1009.0,1018.0,1009.0,1018.0,9.0,0.5009082659620332,255.0,231.75,42.0,0.0019074251577803861,,,0.1619873046875,0.161865234375,0.0009312629699707031,,0.0,0.0
126,126198,34,39.675358,Musashino_007_IchikawaOhno-FunabashiHoten_up_20240410_day,HD21,2024_0041_HD21_01_00004714.jpg,trolley2,1009.0,1018.0,1009.0,1018.0,9.0,0.5016135580465921,255.0,231.5,42.03125,0.0016764410387470807,,,0.161865234375,0.161865234375,0.0009312629699707031,,0.0,0.0
126,126199,34,39.67536,Musashino_007_IchikawaOhno-FunabashiHoten_up_20240410_day,HD21,2024_0041_HD21_01_00004714.jpg,trolley2,1009.0,1018.0,1009.0,1018.0,9.0,0.5021167315686786,255.0,231.0,42.0625,0.0014598235547558086,,,0.161865234375,0.161865234375,0.0009312629699707031,,0.0,0.0
126,126200,34,39.675362,Musashino_007_IchikawaOhno-FunabashiHoten_up_20240410_day,HD21,2024_0041_HD21_01_00004714.jpg,trolley2,1009.0,1018.0,1009.0,1018.0,9.0,0.5024183937956919,255.0,230.625,43.5,0.001257293834455387,,,0.161865234375,0.161865234375,0.0009312629699707031,,0.0,0.0
126,126201,34,39.675364,Musashino_007_IchikawaOhno-FunabashiHoten_up_20240410_day,HD21,2024_0041_HD21_01_00004714.jpg,trolley2,1009.0,1018.0,1009.0,1018.0,9.0,0.5025189076296066,255.0,232.125,42.34375,0.0010685243457090187,,,0.161865234375,0.1617431640625,0.0009312629699707031,,0.0,0.0
126,126202,34,39.675366000000004,Musashino_007_IchikawaOhno-FunabashiHoten_up_20240410_day,HD21,2024_0041_HD21_01_00004714.jpg,trolley2,1009.0,1018.0,1009.0,1018.0,9.0,0.5024183937956921,255.0,233.5,42.0625,0.0008931456465836004,,,0.1617431640625,0.1617431640625,0.0009312629699707031,,0.0,0.0
126,126203,34,39.675368,Musashino_007_IchikawaOhno-FunabashiHoten_up_20240410_day,HD21,2024_0041_HD21_01_00004714.jpg,trolley2,1009.0,1018.0,1009.0,1018.0,9.0,0.5021167315686791,253.0,232.875,40.3125,0.0007307526776664092,,,0.1617431640625,0.1617431640625,0.0009312629699707031,,0.0,0.0
126,126204,34,39.67537,Musashino_007_IchikawaOhno-FunabashiHoten_up_20240410_day,HD21,2024_0041_HD21_01_00004714.jpg,trolley2,1009.0,1018.0,1009.0,1018.0,9.0,0.5016135580465928,255.0,231.375,42.03125,0.0005809106080234756,,,0.1617431640625,0.1617431640625,0.0009312629699707031,,0.0,0.0
126,126205,34,39.675372,Musashino_007_IchikawaOhno-FunabashiHoten_up_20240410_day,HD21,2024_0041_HD21_01_00004714.jpg,trolley2,1009.0,1018.0,1009.0,1018.0,9.0,0.5009082659620341,254.0,231.25,41.09375,0.000443160248297012,,,0.1617431640625,0.16162109375,0.0009312629699707031,,0.0,0.0
126,126206,34,39.675374,Musashino_007_IchikawaOhno-FunabashiHoten_up_20240410_day,HD21,2024_0041_HD21_01_00004714.jpg,trolley2,1010.0,1018.0,1009.0,1018.0,9.0,0.500000000000001,255.0,229.25,42.84375,0.003052731282598389,,,0.1617431640625,0.16162109375,0.0009312629699707031,,0.0,0.0
126,126207,34,39.675376,Musashino_007_IchikawaOhno-FunabashiHoten_up_20240410_day,HD21,2024_0041_HD21_01_00004714.jpg,trolley2,1010.0,1018.0,1009.0,1018.0,9.0,0.49888765156986004,254.0,225.875,43.59375,0.005379663245696198,,,0.16162109375,0.16162109375,0.0009312629699707031,,0.0,0.0
126,126208,34,39.675378,Musashino_007_IchikawaOhno-FunabashiHoten_up_20240410_day,HD21,2024_0041_HD21_01_00004714.jpg,trolley2,1010.0,1018.0,1009.0,1018.0,9.0,0.49756985195624426,253.0,221.25,45.875,0.007440027721573295,,,0.16162109375,0.16162109375,0.0009312629699707031,,0.0,0.0
126,126209,34,39.675380000000004,Musashino_007_IchikawaOhno-FunabashiHoten_up_20240410_day,HD21,2024_0041_HD21_01_00004714.jpg,trolley2,1010.0,1018.0,1009.0,1018.0,9.0,0.4960449637488596,253.0,220.25,46.5,0.009249716972098728,,,0.16162109375,0.16162109375,0.0009312629699707031,,0.0,0.0
126,126210,34,39.675382,Musashino_007_IchikawaOhno-FunabashiHoten_up_20240410_day,HD21,2024_0041_HD21_01_00004714.jpg,trolley2,1010.0,1018.0,1009.0,1018.0,9.0,0.4943110704237118,253.0,219.5,47.46875,0.010824375258212855,,,0.16162109375,0.1614990234375,0.0009312629699707031,,0.0,0.0
126,126211,34,39.675384,Musashino_007_IchikawaOhno-FunabashiHoten_up_20240410_day,HD21,2024_0041_HD21_01_00004714.jpg,trolley2,1010.0,1018.0,1009.0,1018.0,9.0,0.49236596391733256,254.0,219.375,48.53125,0.012179338516950407,,,0.1614990234375,0.1614990234375,0.0009312629699707031,,0.0,0.0
126,126212,34,39.675386,Musashino_007_IchikawaOhno-FunabashiHoten_up_20240410_day,HD21,2024_0041_HD21_01_00004714.jpg,trolley2,1010.0,1018.0,1009.0,1018.0,9.0,0.490207130000199,255.0,218.5,49.9375,0.01332958187283138,,,0.1614990234375,0.1614990234375,0.0009312629699707031,,0.0,0.0
126,126213,34,39.675388,Musashino_007_IchikawaOhno-FunabashiHoten_up_20240410_day,HD21,2024_0041_HD21_01_00004714.jpg,trolley2,1010.0,1018.0,1009.0,1018.0,9.0,0.4878317312145652,255.0,217.375,50.78125,0.01428967447241745,,,0.1614990234375,0.1614990234375,0.0009312629699707031,,0.0,0.0
126,126214,34,39.67539,Musashino_007_IchikawaOhno-FunabashiHoten_up_20240410_day,HD21,2024_0041_HD21_01_00004714.jpg,trolley2,1010.0,1018.0,1009.0,1018.0,9.0,0.4852365870939117,255.0,217.5,50.15625,0.015073741142869112,,,0.1614990234375,0.161376953125,0.0009312629699707031,,0.0,0.0
126,126215,34,39.675392,Musashino_007_IchikawaOhno-FunabashiHoten_up_20240410_day,HD21,2024_0041_HD21_01_00004714.jpg,trolley2,1010.0,1018.0,1009.0,1018.0,9.0,0.4824181513244239,255.0,218.25,48.875,0.015695430388857918,,,0.1614990234375,0.161376953125,0.0009312629699707031,,0.0,0.0
126,126216,34,39.675394000000004,Musashino_007_IchikawaOhno-FunabashiHoten_up_20240410_day,HD21,2024_0041_HD21_01_00004714.jpg,trolley2,1010.0,1018.0,1009.0,1018.0,9.0,0.47937248544110445,253.0,216.0,49.375,0.0161678882570117,,,0.161376953125,0.161376953125,0.0009312629699707031,,0.0,0.0
126,126217,34,39.675396,Musashino_007_IchikawaOhno-FunabashiHoten_up_20240410_day,HD21,2024_0041_HD21_01_00004714.jpg,trolley2,1010.0,1018.0,1009.0,1018.0,9.0,0.47609522856952563,254.0,219.25,47.75,0.016503737612940536,,,0.161376953125,0.161376953125,0.0009312629699707031,,0.0,0.0
126,126218,34,39.675398,Musashino_007_IchikawaOhno-FunabashiHoten_up_20240410_day,HD21,2024_0041_HD21_01_00004714.jpg,trolley2,1010.0,1018.0,1010.0,1018.0,8.0,0.47609522856952563,254.0,228.875,41.59375,0.016715062392640853,,,0.161376953125,0.161376953125,0.0009312629699707031,,0.0,0.0
126,126219,34,39.6754,Musashino_007_IchikawaOhno-FunabashiHoten_up_20240410_day,HD21,2024_0041_HD21_01_00004714.jpg,trolley2,1010.0,1018.0,1010.0,1018.0,8.0,0.47609522856952563,254.0,229.375,40.84375,0.01681339640751919,,,0.161376953125,0.161376953125,0.0009312629699707031,,0.0,0.0
126,126220,34,39.675402,Musashino_007_IchikawaOhno-FunabashiHoten_up_20240410_day,HD21,2024_0041_HD21_01_00004714.jpg,trolley2,1010.0,1018.0,1010.0,1018.0,8.0,0.47609522856952563,255.0,229.0,41.21875,0.01680971630023238,,,0.161376953125,0.1612548828125,0.0009312629699707031,,0.0,0.0
126,126221,34,39.675404,Musashino_007_IchikawaOhno-FunabashiHoten_up_20240410_day,HD21,2024_0041_HD21_01_00004714.jpg,trolley2,1010.0,1018.0,1010.0,1018.0,8.0,0.47609522856952563,255.0,228.375,41.875,0.01671443826688785,,,0.1612548828125,0.1612548828125,0.0009312629699707031,,0.0,0.0
126,126222,34,39.675406,Musashino_007_IchikawaOhno-FunabashiHoten_up_20240410_day,HD21,2024_0041_HD21_01_00004714.jpg,trolley2,1010.0,1018.0,1010.0,1018.0,8.0,0.47609522856952563,255.0,229.5,41.0625,0.01653741817971473,,,0.1612548828125,0.1612548828125,0.0009312629699707031,,0.0,0.0
126,126223,34,39.675408,Musashino_007_IchikawaOhno-FunabashiHoten_up_20240410_day,HD21,2024_0041_HD21_01_00004714.jpg,trolley2,1010.0,1018.0,1010.0,1019.0,9.0,0.4725815626252633,252.0,212.25,61.9375,0.016287954762997173,,,0.1612548828125,0.1612548828125,0.0009312629699707031,,0.0,0.0
126,126224,34,39.67541,Musashino_007_IchikawaOhno-FunabashiHoten_up_20240410_day,HD21,2024_0041_HD21_01_00004714.jpg,trolley2,1010.0,1018.0,1010.0,1019.0,9.0,0.4688261722621533,253.0,211.875,61.84375,0.015974795493745766,,,0.1612548828125,0.1612548828125,0.0009312629699707031,,0.0,0.0
126,126225,34,39.675412,Musashino_007_IchikawaOhno-FunabashiHoten_up_20240410_day,HD21,2024_0041_HD21_01_00004714.jpg,trolley2,1010.0,1018.0,1010.0,1019.0,9.0,0.4648231987117345,255.0,213.0,61.625,0.01560614491714427,,,0.1612548828125,0.1611328125,0.0009312629699707031,,0.0,0.0
126,126226,34,39.675414,Musashino_007_IchikawaOhno-FunabashiHoten_up_20240410_day,HD21,2024_0041_HD21_01_00004714.jpg,trolley2,1010.0,1018.0,1010.0,1019.0,9.0,0.4605661864718411,255.0,212.875,60.59375,0.01518967508519385,,,0.1612548828125,0.1611328125,0.0009312629699707031,,0.0,0.0
126,126227,34,39.675416,Musashino_007_IchikawaOhno-FunabashiHoten_up_20240410_day,HD21,2024_0041_HD21_01_00004714.jpg,trolley2,1010.0,1018.0,1010.0,1019.0,9.0,0.45604802157207164,255.0,212.875,59.96875,0.01473253784506399,,,0.1611328125,0.1611328125,0.0009312629699707031,,0.0,0.0
126,126228,34,39.675418,Musashino_007_IchikawaOhno-FunabashiHoten_up_20240410_day,HD21,2024_0041_HD21_01_00004714.jpg,trolley2,1010.0,1018.0,1010.0,1019.0,9.0,0.4512608598542161,255.0,213.0,61.625,0.014241378721420724,,,0.1611328125,0.1611328125,0.0009312629699707031,,0.0,0.0
126,126229,34,39.67542,Musashino_007_IchikawaOhno-FunabashiHoten_up_20240410_day,HD21,2024_0041_HD21_01_00004714.jpg,trolley2,1010.0,1018.0,1010.0,1019.0,9.0,0.44619604333847696,255.0,210.625,62.34375,0.013722352154335237,,,0.1611328125,0.1611328125,0.0009312629699707031,,0.0,0.0
126,126230,34,39.675422,Musashino_007_IchikawaOhno-FunabashiHoten_up_20240410_day,HD21,2024_0041_HD21_01_00004714.jpg,trolley2,1010.0,1018.0,1010.0,1019.0,9.0,0.4408440022768115,253.0,210.125,61.5625,0.01318113787125437,,,0.1611328125,0.1611328125,0.0009312629699707031,,0.0,0.0
126,126231,34,39.675424,Musashino_007_IchikawaOhno-FunabashiHoten_up_20240410_day,HD21,2024_0041_HD21_01_00004714.jpg,trolley2,1010.0,1018.0,1010.0,1019.0,9.0,0.4351941398892482,255.0,212.75,60.6875,0.012622958187886623,,,0.1611328125,0.1610107421875,0.0009312629699707031,,0.0,0.0
126,126232,34,39.675426,Musashino_007_IchikawaOhno-FunabashiHoten_up_20240410_day,HD21,2024_0041_HD21_01_00004714.jpg,trolley2,1011.0,1018.0,1010.0,1019.0,9.0,0.4292346959909316,255.0,209.25,60.34375,0.014788304283730673,,,0.1611328125,0.1610107421875,0.0009312629699707031,,0.0,0.0
126,126233,34,39.675428000000004,Musashino_007_IchikawaOhno-FunabashiHoten_up_20240410_day,HD21,2024_0041_HD21_01_00004714.jpg,trolley2,1010.0,1018.0,1010.0,1019.0,9.0,0.42295258468165464,251.0,205.625,60.9375,0.013916362965359625,,,0.1610107421875,0.1610107421875,0.0009312629699707031,,0.0,0.0
126,126234,34,39.67543,Musashino_007_IchikawaOhno-FunabashiHoten_up_20240410_day,HD21,2024_0041_HD21_01_00004714.jpg,trolley2,1010.0,1018.0,1010.0,1019.0,9.0,0.4163331998932307,255.0,211.0,60.9375,0.013057137272686436,,,0.1610107421875,0.1610107421875,0.0009312629699707031,,0.0,0.0
126,126235,34,39.675432,Musashino_007_IchikawaOhno-FunabashiHoten_up_20240410_day,HD21,2024_0041_HD21_01_00004714.jpg,trolley2,1010.0,1018.0,1010.0,1019.0,9.0,0.4093601807403367,254.0,211.75,60.0,0.012214032562642804,,,0.1610107421875,0.1610107421875,0.0009312629699707031,,0.0,0.0
126,126236,34,39.675434,Musashino_007_IchikawaOhno-FunabashiHoten_up_20240410_day,HD21,2024_0041_HD21_01_00004714.jpg,trolley2,1010.0,1017.0,1010.0,1019.0,9.0,0.40201512610368934,252.0,207.625,61.375,0.008654310719202814,,,0.1610107421875,0.1610107421875,0.0009312629699707031,,0.0,0.0
126,126237,34,39.675436,Musashino_007_IchikawaOhno-FunabashiHoten_up_20240410_day,HD21,2024_0041_HD21_01_00004714.jpg,trolley2,1010.0,1017.0,1010.0,1018.0,8.0,0.40201512610368934,255.0,223.5,46.0625,0.005410001864510805,,,0.1610107421875,0.160888671875,0.0009312629699707031,,0.0,0.0
126,126238,34,39.675438,Musashino_007_IchikawaOhno-FunabashiHoten_up_20240410_day,HD21,2024_0041_HD21_01_00004714.jpg,trolley2,1010.0,1018.0,1010.0,1018.0,8.0,0.40201512610368934,255.0,225.875,42.28125,0.005202422074530072,,,0.1610107421875,0.160888671875,0.0009312629699707031,,0.0,0.0
126,126239,34,39.67544,Musashino_007_IchikawaOhno-FunabashiHoten_up_20240410_day,HD21,2024_0041_HD21_01_00004714.jpg,trolley2,1010.0,1018.0,1010.0,1018.0,8.0,0.40201512610368934,255.0,227.125,40.34375,0.004987531719237533,,,0.160888671875,0.160888671875,0.0009312629699707031,,0.0,0.0
126,126240,34,39.675442000000004,Musashino_007_IchikawaOhno-FunabashiHoten_up_20240410_day,HD21,2024_0041_HD21_01_00004714.jpg,trolley2,1010.0,1018.0,1010.0,1018.0,8.0,0.40201512610368934,255.0,225.875,41.71875,0.004767251558749075,,,0.160888671875,0.160888671875,0.0009312629699707031,,0.0,0.0
126,126241,34,39.675444,Musashino_007_IchikawaOhno-FunabashiHoten_up_20240410_day,HD21,2024_0041_HD21_01_00004714.jpg,trolley2,1010.0,1018.0,1010.0,1018.0,8.0,0.40201512610368934,253.0,222.875,42.9375,0.004543336102123205,,,0.160888671875,0.160888671875,0.0009312629699707031,,0.0,0.0
126,126242,34,39.675446,Musashino_007_IchikawaOhno-FunabashiHoten_up_20240410_day,HD21,2024_0041_HD21_01_00004714.jpg,trolley2,1010.0,1018.0,1010.0,1018.0,8.0,0.40201512610368934,255.0,223.25,44.5625,0.004317380950034092,,,0.160888671875,0.160888671875,0.0009312629699707031,,0.0,0.0
126,126243,34,39.675448,Musashino_007_IchikawaOhno-FunabashiHoten_up_20240410_day,HD21,2024_0041_HD21_01_00004714.jpg,trolley2,1010.0,1018.0,1010.0,1018.0,8.0,0.40201512610368934,254.0,222.5,43.96875,0.004090830258617841,,,0.160888671875,0.160888671875,0.0009312629699707031,,0.0,0.0
126,126244,34,39.67545,Musashino_007_IchikawaOhno-FunabashiHoten_up_20240410_day,HD21,2024_0041_HD21_01_00004714.jpg,trolley2,1010.0,1018.0,1010.0,1018.0,8.0,0.40201512610368934,255.0,227.25,41.59375,0.0038649842713129653,,,0.160888671875,0.1607666015625,0.0009312629699707031,,0.0,0.0
126,126245,34,39.675452,Musashino_007_IchikawaOhno-FunabashiHoten_up_20240410_day,HD21,2024_0041_HD21_01_00004714.jpg,trolley2,1010.0,1018.0,1010.0,1018.0,8.0,0.40201512610368934,254.0,227.0,40.40625,0.003641006870549464,,,0.160888671875,0.1607666015625,0.0009312629699707031,,0.0,0.0
126,126246,34,39.675454,Musashino_007_IchikawaOhno-FunabashiHoten_up_20240410_day,HD21,2024_0041_HD21_01_00004714.jpg,trolley2,1010.0,1018.0,1010.0,1018.0,8.0,0.40201512610368934,255.0,226.375,42.75,0.0034199331059479397,,,0.1607666015625,0.1607666015625,0.0009312629699707031,,0.0,0.0
126,126247,34,39.675456000000004,Musashino_007_IchikawaOhno-FunabashiHoten_up_20240410_day,HD21,2024_0041_HD21_01_00004714.jpg,trolley2,1010.0,1017.0,1010.0,1018.0,8.0,0.40201512610368934,255.0,222.875,45.96875,0.00046696842516572284,,,0.1607666015625,0.1607666015625,0.0009312629699707031,,0.0,0.0
126,126248,34,39.675458,Musashino_007_IchikawaOhno-FunabashiHoten_up_20240410_day,HD21,2024_0041_HD21_01_00004714.jpg,trolley2,1010.0,1017.0,1009.0,1018.0,9.0,0.3942772444036673,255.0,214.75,50.9375,-0.0021876203492821027,,,0.1607666015625,0.1607666015625,0.0009312629699707031,,0.0,0.0
126,126249,34,39.67546,Musashino_007_IchikawaOhno-FunabashiHoten_up_20240410_day,HD21,2024_0041_HD21_01_00004714.jpg,trolley2,1010.0,1018.0,1009.0,1018.0,9.0,0.38612291966537404,255.0,216.25,49.3125,-0.001824007529651508,,,0.1607666015625,0.1607666015625,0.0009312629699707031,,0.0,0.0
126,126250,34,39.675462,Musashino_007_IchikawaOhno-FunabashiHoten_up_20240410_day,HD21,2024_0041_HD21_01_00004714.jpg,trolley2,1010.0,1018.0,1009.0,1018.0,9.0,0.37752516806864206,250.0,218.25,46.3125,-0.001487469880152391,,,0.1607666015625,0.1607666015625,0.0009312629699707031,,0.0,0.0
126,126251,34,39.675464,Musashino_007_IchikawaOhno-FunabashiHoten_up_20240410_day,HD21,2024_0041_HD21_01_00004714.jpg,trolley2,1011.0,1018.0,1010.0,1018.0,8.0,0.37752516806864206,255.0,222.625,43.5625,0.0015586186745562424,,,0.1607666015625,0.16064453125,0.0009312629699707031,,0.0,0.0
126,126252,34,39.675466,Musashino_007_IchikawaOhno-FunabashiHoten_up_20240410_day,HD21,2024_0041_HD21_01_00004714.jpg,trolley2,1010.0,1018.0,1010.0,1018.0,8.0,0.38612291966537404,252.0,222.75,43.90625,0.0015500501844372182,,,0.1607666015625,0.16064453125,0.0009312629699707031,,0.0,0.0
126,126253,34,39.675468,Musashino_007_IchikawaOhno-FunabashiHoten_up_20240410_day,HD21,2024_0041_HD21_01_00004714.jpg,trolley2,1010.0,1018.0,1010.0,1018.0,8.0,0.3942772444036673,255.0,223.5,43.34375,0.0015338739223663767,,,0.1607666015625,0.16064453125,0.0009312629699707031,,0.0,0.0
126,126254,34,39.675470000000004,Musashino_007_IchikawaOhno-FunabashiHoten_up_20240410_day,HD21,2024_0041_HD21_01_00004714.jpg,trolley2,1010.0,1018.0,1010.0,1018.0,8.0,0.40201512610368934,254.0,227.125,41.1875,0.0015109536886475925,,,0.16064453125,0.16064453125,0.0009312629699707031,,0.0,0.0
126,126255,34,39.675472,Musashino_007_IchikawaOhno-FunabashiHoten_up_20240410_day,HD21,2024_0041_HD21_01_00004714.jpg,trolley2,1010.0,1018.0,1010.0,1018.0,8.0,0.4093601807403367,255.0,229.125,38.90625,0.0014821021544535733,,,0.16064453125,0.16064453125,0.0009312629699707031,,0.0,0.0
126,126256,34,39.675474,Musashino_007_IchikawaOhno-FunabashiHoten_up_20240410_day,HD21,2024_0041_HD21_01_00004714.jpg,trolley2,1010.0,1018.0,1010.0,1018.0,8.0,0.4163331998932307,255.0,226.5,42.375,0.0014480816258349053,,,0.16064453125,0.16064453125,0.0009312629699707031,,0.0,0.0
126,126257,34,39.675476,Musashino_007_IchikawaOhno-FunabashiHoten_up_20240410_day,HD21,2024_0041_HD21_01_00004714.jpg,trolley2,1010.0,1018.0,1010.0,1018.0,8.0,0.42295258468165464,252.0,225.0,42.03125,0.0014096050054363555,,,0.16064453125,0.16064453125,0.0009312629699707031,,0.0,0.0
126,126258,34,39.675478,Musashino_007_IchikawaOhno-FunabashiHoten_up_20240410_day,HD21,2024_0041_HD21_01_00004714.jpg,trolley2,1010.0,1018.0,1010.0,1018.0,8.0,0.4292346959909316,254.0,225.875,41.46875,0.0013673369265161854,,,0.16064453125,0.16064453125,0.0009312629699707031,,0.0,0.0
126,126259,34,39.67548,Musashino_007_IchikawaOhno-FunabashiHoten_up_20240410_day,HD21,2024_0041_HD21_01_00004714.jpg,trolley2,1010.0,1018.0,1010.0,1018.0,8.0,0.4351941398892482,255.0,223.625,42.71875,0.0013218950354982936,,,0.16064453125,0.1605224609375,0.0009312629699707031,,0.0,0.0
126,126260,34,39.675482,Musashino_007_IchikawaOhno-FunabashiHoten_up_20240410_day,HD21,2024_0041_HD21_01_00004714.jpg,trolley2,1010.0,1018.0,1010.0,1018.0,8.0,0.4408440022768115,253.0,223.5,42.03125,0.0012738514009092608,,,0.16064453125,0.1605224609375,0.0009312629699707031,,0.0,0.0
126,126261,34,39.675484,Musashino_007_IchikawaOhno-FunabashiHoten_up_20240410_day,HD21,2024_0041_HD21_01_00004714.jpg,trolley2,1010.0,1018.0,1010.0,1018.0,8.0,0.44619604333847696,254.0,228.0,40.25,0.0012237340281077448,,,0.1605224609375,0.1605224609375,0.0009312629699707031,,0.0,0.0
126,126262,34,39.675486,Musashino_007_IchikawaOhno-FunabashiHoten_up_20240410_day,HD21,2024_0041_HD21_01_00004714.jpg,trolley2,1010.0,1018.0,1010.0,1018.0,8.0,0.4512608598542161,255.0,227.875,42.0625,0.0011720284607388916,,,0.1605224609375,0.1605224609375,0.0009312629699707031,,0.0,0.0
126,126263,34,39.675488,Musashino_007_IchikawaOhno-FunabashiHoten_up_20240410_day,HD21,2024_0041_HD21_01_00004714.jpg,trolley2,1010.0,1018.0,1010.0,1018.0,8.0,0.45604802157207164,255.0,225.375,42.03125,0.0011191794513140988,,,0.1605224609375,0.1605224609375,0.0009312629699707031,,0.0,0.0
126,126264,34,39.67549,Musashino_007_IchikawaOhno-FunabashiHoten_up_20240410_day,HD21,2024_0041_HD21_01_00004714.jpg,trolley2,1010.0,1018.0,1010.0,1018.0,8.0,0.4605661864718411,255.0,225.75,41.875,0.0010655926847294094,,,0.1605224609375,0.1605224609375,0.0009312629699707031,,0.0,0.0
126,126265,34,39.675492,Musashino_007_IchikawaOhno-FunabashiHoten_up_20240410_day,HD21,2024_0041_HD21_01_00004714.jpg,trolley2,1010.0,1018.0,1010.0,1018.0,8.0,0.4648231987117345,255.0,225.5,42.375,0.0010116365398983621,,,0.1605224609375,0.1605224609375,0.0009312629699707031,,0.0,0.0
126,126266,34,39.675494,Musashino_007_IchikawaOhno-FunabashiHoten_up_20240410_day,HD21,2024_0041_HD21_01_00004714.jpg,trolley2,1010.0,1018.0,1010.0,1018.0,8.0,0.4688261722621533,255.0,224.875,42.96875,0.0009576438759788967,,,0.1605224609375,0.1605224609375,0.0009312629699707031,,0.0,0.0
126,126267,34,39.675496,Musashino_007_IchikawaOhno-FunabashiHoten_up_20240410_day,HD21,2024_0041_HD21_01_00004714.jpg,trolley2,1010.0,1018.0,1010.0,1018.0,8.0,0.4725815626252633,255.0,223.625,43.3125,0.0009039138309111275,,,0.1605224609375,0.160400390625,0.0009312629699707031,,0.0,0.0
126,126268,34,39.675498,Musashino_007_IchikawaOhno-FunabashiHoten_up_20240410_day,HD21,2024_0041_HD21_01_00004714.jpg,trolley2,1010.0,1018.0,1010.0,1018.0,8.0,0.47609522856952563,255.0,223.375,43.8125,0.0008507136211721152,,,0.1605224609375,0.160400390625,0.0009312629699707031,,0.0,0.0
126,126269,34,39.6755,Musashino_007_IchikawaOhno-FunabashiHoten_up_20240410_day,HD21,2024_0041_HD21_01_00004714.jpg,trolley2,1010.0,1018.0,1010.0,1018.0,8.0,0.47937248544110445,255.0,223.75,43.46875,0.0007982803327783927,,,0.1605224609375,0.160400390625,0.0009312629699707031,,0.0,0.0
126,126270,34,39.675502,Musashino_007_IchikawaOhno-FunabashiHoten_up_20240410_day,HD21,2024_0041_HD21_01_00004714.jpg,trolley2,1010.0,1018.0,1010.0,1018.0,8.0,0.4824181513244239,255.0,225.5,42.3125,0.0007468226946256942,,,0.160400390625,0.160400390625,0.0009312629699707031,,0.0,0.0
126,126271,34,39.675504000000004,Musashino_007_IchikawaOhno-FunabashiHoten_up_20240410_day,HD21,2024_0041_HD21_01_00004714.jpg,trolley2,1010.0,1018.0,1010.0,1018.0,8.0,0.4852365870939117,255.0,226.5,41.34375,0.000696522826265197,,,0.160400390625,0.160400390625,0.0009312629699707031,,0.0,0.0
126,126272,34,39.675506,Musashino_007_IchikawaOhno-FunabashiHoten_up_20240410_day,HD21,2024_0041_HD21_01_00004714.jpg,trolley2,1010.0,1018.0,1010.0,1018.0,8.0,0.4878317312145652,252.0,226.75,38.6875,0.0006475379531579626,,,0.160400390625,0.160400390625,0.0009312629699707031,,0.0,0.0
126,126273,34,39.675508,Musashino_007_IchikawaOhno-FunabashiHoten_up_20240410_day,HD21,2024_0041_HD21_01_00004714.jpg,trolley2,1010.0,1018.0,1010.0,1018.0,8.0,0.490207130000199,255.0,228.75,38.59375,0.000600002083338134,,,0.160400390625,0.160400390625,0.0009312629699707031,,0.0,0.0
126,126274,34,39.67551,Musashino_007_IchikawaOhno-FunabashiHoten_up_20240410_day,HD21,2024_0041_HD21_01_00004714.jpg,trolley2,1010.0,1018.0,1010.0,1018.0,8.0,0.49236596391733256,254.0,226.625,40.3125,0.000554027640240575,,,0.160400390625,0.160400390625,0.0009312629699707031,,0.0,0.0
126,126275,34,39.675512,Musashino_007_IchikawaOhno-FunabashiHoten_up_20240410_day,HD21,2024_0041_HD21_01_00004714.jpg,trolley2,1010.0,1018.0,1010.0,1018.0,8.0,0.4943110704237118,252.0,225.75,40.875,0.0005097070472317635,,,0.160400390625,0.160400390625,0.0009312629699707031,,0.0,0.0
126,126276,34,39.675514,Musashino_007_IchikawaOhno-FunabashiHoten_up_20240410_day,HD21,2024_0041_HD21_01_00004714.jpg,trolley2,1010.0,1018.0,1010.0,1018.0,8.0,0.4960449637488596,255.0,224.625,42.75,0.00046711426008875736,,,0.160400390625,0.160400390625,0.0009312629699707031,,0.0,0.0
126,126277,34,39.675516,Musashino_007_IchikawaOhno-FunabashiHoten_up_20240410_day,HD21,2024_0041_HD21_01_00004714.jpg,trolley2,1010.0,1018.0,1010.0,1018.0,8.0,0.49756985195624426,255.0,226.125,42.71875,0.0004263062443549686,,,0.160400390625,0.1602783203125,0.0009312629699707031,,0.0,0.0
126,126278,34,39.675518000000004,Musashino_007_IchikawaOhno-FunabashiHoten_up_20240410_day,HD21,2024_0041_HD21_01_00004714.jpg,trolley2,1010.0,1017.0,1010.0,1018.0,8.0,0.49888765156986004,255.0,224.5,42.9375,-0.002348383839967925,,,0.160400390625,0.1602783203125,0.0009312629699707031,,0.0,0.0
126,126279,34,39.67552,Musashino_007_IchikawaOhno-FunabashiHoten_up_20240410_day,HD21,2024_0041_HD21_01_00004714.jpg,trolley2,1010.0,1017.0,1009.0,1018.0,9.0,0.49888765156986004,255.0,217.625,48.46875,-0.004827461670461131,,,0.160400390625,0.1602783203125,0.0009312629699707031,,0.0,0.0
126,126280,34,39.675522,Musashino_007_IchikawaOhno-FunabashiHoten_up_20240410_day,HD21,2024_0041_HD21_01_00004714.jpg,trolley2,1010.0,1017.0,1009.0,1018.0,9.0,0.49888765156986004,255.0,216.75,49.5625,-0.007027488449469898,,,0.1602783203125,0.1602783203125,0.0009312629699707031,,0.0,0.0
126,126281,34,39.675524,Musashino_007_IchikawaOhno-FunabashiHoten_up_20240410_day,HD21,2024_0041_HD21_01_00004714.jpg,trolley2,1010.0,1018.0,1009.0,1018.0,9.0,0.49888765156986004,255.0,217.125,49.125,-0.0062291562288852255,,,0.1602783203125,0.1602783203125,0.0009312629699707031,,0.0,0.0
126,126282,34,39.675526,Musashino_007_IchikawaOhno-FunabashiHoten_up_20240410_day,HD21,2024_0041_HD21_01_00004714.jpg,trolley2,1010.0,1018.0,1009.0,1018.0,9.0,0.49888765156986004,255.0,219.875,47.40625,-0.005478098183608574,,,0.1602783203125,0.1602783203125,0.0009312629699707031,,0.0,0.0
126,126283,34,39.675528,Musashino_007_IchikawaOhno-FunabashiHoten_up_20240410_day,HD21,2024_0041_HD21_01_00004714.jpg,trolley2,1010.0,1018.0,1009.0,1018.0,9.0,0.49888765156986004,254.0,219.5,47.65625,-0.004773606045773658,,,0.1602783203125,0.1602783203125,0.0009312629699707031,,0.0,0.0
126,126284,34,39.67553,Musashino_007_IchikawaOhno-FunabashiHoten_up_20240410_day,HD21,2024_0041_HD21_01_00004714.jpg,trolley2,1010.0,1018.0,1009.0,1018.0,9.0,0.49888765156986004,253.0,222.375,44.84375,-0.00411478894424229,,,0.1602783203125,0.1602783203125,0.0009312629699707031,,0.0,0.0
126,126285,34,39.675532000000004,Musashino_007_IchikawaOhno-FunabashiHoten_up_20240410_day,HD21,2024_0041_HD21_01_00004714.jpg,trolley2,1010.0,1018.0,1009.0,1018.0,9.0,0.49888765156986004,254.0,219.25,47.65625,-0.003500596887674281,,,0.1602783203125,0.1602783203125,0.0009312629699707031,,0.0,0.0
126,126286,34,39.675534,Musashino_007_IchikawaOhno-FunabashiHoten_up_20240410_day,HD21,2024_0041_HD21_01_00004714.jpg,trolley2,1010.0,1018.0,1009.0,1018.0,9.0,0.49888765156986004,254.0,219.375,47.96875,-0.0029298427250978813,,,0.1602783203125,0.1602783203125,0.0009312629699707031,,0.0,0.0
126,126287,34,39.675536,Musashino_007_IchikawaOhno-FunabashiHoten_up_20240410_day,HD21,2024_0041_HD21_01_00004714.jpg,trolley2,1010.0,1018.0,1009.0,1018.0,9.0,0.49888765156986004,255.0,218.625,48.71875,-0.0024012226189788605,,,0.1602783203125,0.16015625,0.0009312629699707031,,0.0,0.0
126,126288,34,39.675538,Musashino_007_IchikawaOhno-FunabashiHoten_up_20240410_day,HD21,2024_0041_HD21_01_00004714.jpg,trolley2,1010.0,1018.0,1009.0,1018.0,9.0,0.49888765156986004,254.0,219.875,47.4375,-0.001913335070357915,,,0.1602783203125,0.16015625,0.0009312629699707031,,0.0,0.0
126,126289,34,39.67554,Musashino_007_IchikawaOhno-FunabashiHoten_up_20240410_day,HD21,2024_0041_HD21_01_00004714.jpg,trolley2,1010.0,1018.0,1009.0,1018.0,9.0,0.49888765156986004,255.0,220.25,47.375,-0.0014646985395221684,,,0.1602783203125,0.16015625,0.0009312629699707031,,0.0,0.0
126,126290,34,39.675542,Musashino_007_IchikawaOhno-FunabashiHoten_up_20240410_day,HD21,2024_0041_HD21_01_00004714.jpg,trolley2,1010.0,1018.0,1009.0,1018.0,9.0,0.49888765156986004,255.0,219.75,47.8125,-0.00105376770892414,,,0.16015625,0.16015625,0.0009312629699707031,,0.0,0.0
126,126291,34,39.675544,Musashino_007_IchikawaOhno-FunabashiHoten_up_20240410_day,HD21,2024_0041_HD21_01_00004714.jpg,trolley2,1010.0,1018.0,1009.0,1018.0,9.0,0.49888765156986004,254.0,219.0,47.84375,-0.0006789484377306718,,,0.16015625,0.16015625,0.0009312629699707031,,0.0,0.0
126,126292,34,39.675546000000004,Musashino_007_IchikawaOhno-FunabashiHoten_up_20240410_day,HD21,2024_0041_HD21_01_00004714.jpg,trolley2,1010.0,1018.0,1009.0,1018.0,9.0,0.49888765156986004,254.0,219.375,47.90625,-0.000338611459518178,,,0.16015625,0.16015625,0.0009312629699707031,,0.0,0.0
126,126293,34,39.675548,Musashino_007_IchikawaOhno-FunabashiHoten_up_20240410_day,HD21,2024_0041_HD21_01_00004714.jpg,trolley2,1010.0,1018.0,1009.0,1018.0,9.0,0.49888765156986004,254.0,218.75,48.78125,-3.110487624909743e-05,,,0.16015625,0.16015625,0.0009312629699707031,,0.0,0.0
126,126294,34,39.67555,Musashino_007_IchikawaOhno-FunabashiHoten_up_20240410_day,HD21,2024_0041_HD21_01_00004714.jpg,trolley2,1010.0,1018.0,1010.0,1018.0,8.0,0.500000000000001,254.0,227.625,41.96875,0.0002452344971636745,,,0.16015625,0.16015625,0.0009312629699707031,,0.0,0.0
126,126295,34,39.675552,Musashino_007_IchikawaOhno-FunabashiHoten_up_20240410_day,HD21,2024_0041_HD21_01_00004714.jpg,trolley2,1010.0,1018.0,1010.0,1018.0,8.0,0.5009082659620341,253.0,227.75,41.5625,0.0004920708826359186,,,0.16015625,0.16015625,0.0009312629699707031,,0.0,0.0
126,126296,34,39.675554,Musashino_007_IchikawaOhno-FunabashiHoten_up_20240410_day,HD21,2024_0041_HD21_01_00004714.jpg,trolley2,1010.0,1018.0,1010.0,1018.0,8.0,0.5016135580465928,255.0,227.875,41.84375,0.0007110603275999637,,,0.16015625,0.16015625,0.0009312629699707031,,0.0,0.0
126,126297,34,39.675556,Musashino_007_IchikawaOhno-FunabashiHoten_up_20240410_day,HD21,2024_0041_HD21_01_00004714.jpg,trolley2,1010.0,1018.0,1010.0,1018.0,8.0,0.5021167315686791,255.0,227.875,42.3125,0.000903842477125414,,,0.16015625,0.16015625,0.0009312629699707031,,0.0,0.0
126,126298,34,39.675558,Musashino_007_IchikawaOhno-FunabashiHoten_up_20240410_day,HD21,2024_0041_HD21_01_00004714.jpg,trolley2,1010.0,1018.0,1010.0,1018.0,8.0,0.5024183937956921,255.0,225.375,43.46875,0.0010720332742711674,,,0.16015625,0.1600341796875,0.0009312629699707031,,0.0,0.0
126,126299,34,39.67556,Musashino_007_IchikawaOhno-FunabashiHoten_up_20240410_day,HD21,2024_0041_HD21_01_00004714.jpg,trolley2,1010.0,1018.0,1010.0,1018.0,8.0,0.5025189076296066,255.0,226.875,43.53125,0.0012172185340136072,,,0.16015625,0.1600341796875,0.0009312629699707031,,0.0,0.0
126,126300,34,39.675562,Musashino_007_IchikawaOhno-FunabashiHoten_up_20240410_day,HD21,2024_0041_HD21_01_00004714.jpg,trolley2,1010.0,1018.0,1010.0,1018.0,8.0,0.5024183937956919,252.0,227.75,42.625,0.0013409483368858287,,,0.16015625,0.1600341796875,0.0009312629699707031,,0.0,0.0
126,126301,34,39.675564,Musashino_007_IchikawaOhno-FunabashiHoten_up_20240410_day,HD21,2024_0041_HD21_01_00004714.jpg,trolley2,1010.0,1018.0,1010.0,1018.0,8.0,0.5021167315686786,255.0,227.0,44.59375,0.0014447321894710677,,,0.16015625,0.1600341796875,0.0009312629699707031,,0.0,0.0
126,126302,34,39.675566,Musashino_007_IchikawaOhno-FunabashiHoten_up_20240410_day,HD21,2024_0041_HD21_01_00004714.jpg,trolley2,1010.0,1018.0,1010.0,1018.0,8.0,0.5016135580465921,249.0,220.5,44.75,0.0015300349000737967,,,0.1600341796875,0.1600341796875,0.0009312629699707031,,0.0,0.0
126,126303,34,39.675568,Musashino_007_IchikawaOhno-FunabashiHoten_up_20240410_day,HD21,2024_0041_HD21_01_00004714.jpg,trolley2,1010.0,1018.0,1010.0,1018.0,8.0,0.5009082659620332,255.0,227.625,43.65625,0.0015982731192594832,,,0.1600341796875,0.1600341796875,0.0009312629699707031,,0.0,0.0
126,126304,34,39.67557,Musashino_007_IchikawaOhno-FunabashiHoten_up_20240410_day,HD21,2024_0041_HD21_01_00004714.jpg,trolley2,1010.0,1018.0,1010.0,1018.0,8.0,0.5,254.0,227.5,43.34375,0.0016508124964297669,,,0.1600341796875,0.1600341796875,0.0009312629699707031,,0.0,0.0
126,126305,34,39.675572,Musashino_007_IchikawaOhno-FunabashiHoten_up_20240410_day,HD21,2024_0041_HD21_01_00004714.jpg,trolley2,1010.0,1018.0,1010.0,1018.0,8.0,0.4988876515698588,255.0,227.375,43.59375,0.001688965405215839,,,0.1600341796875,0.1600341796875,0.0009312629699707031,,0.0,0.0
126,126306,34,39.675574,Musashino_007_IchikawaOhno-FunabashiHoten_up_20240410_day,HD21,2024_0041_HD21_01_00004714.jpg,trolley2,1010.0,1018.0,1010.0,1018.0,8.0,0.49756985195624287,255.0,226.125,44.0625,0.0017139891921653487,,,0.1600341796875,0.1600341796875,0.0009312629699707031,,0.0,0.0
126,126307,34,39.675576,Musashino_007_IchikawaOhno-FunabashiHoten_up_20240410_day,HD21,2024_0041_HD21_01_00004714.jpg,trolley2,1010.0,1018.0,1010.0,1018.0,8.0,0.4960449637488579,255.0,224.75,44.5625,0.0017270849049799575,,,0.1600341796875,0.1600341796875,0.0009312629699707031,,0.0,0.0
126,126308,34,39.675578,Musashino_007_IchikawaOhno-FunabashiHoten_up_20240410_day,HD21,2024_0041_HD21_01_00004714.jpg,trolley2,1010.0,1018.0,1010.0,1018.0,8.0,0.49431107042371,255.0,225.25,44.3125,0.0017293964583878722,,,0.1600341796875,0.1600341796875,0.0009312629699707031,,0.0,0.0
126,126309,34,39.675580000000004,Musashino_007_IchikawaOhno-FunabashiHoten_up_20240410_day,HD21,2024_0041_HD21_01_00004714.jpg,trolley2,1010.0,1018.0,1010.0,1018.0,8.0,0.49236596391733045,255.0,227.0,43.125,0.001722010197619808,,,0.1600341796875,0.1600341796875,0.0009312629699707031,,0.0,0.0
126,126310,34,39.675582,Musashino_007_IchikawaOhno-FunabashiHoten_up_20240410_day,HD21,2024_0041_HD21_01_00004714.jpg,trolley2,1010.0,1018.0,1010.0,1018.0,8.0,0.49020713000019667,255.0,227.75,42.8125,0.0017059548213586879,,,0.1600341796875,0.1600341796875,0.0009312629699707031,,0.0,0.0
126,126311,34,39.675584,Musashino_007_IchikawaOhno-FunabashiHoten_up_20240410_day,HD21,2024_0041_HD21_01_00004714.jpg,trolley2,1010.0,1018.0,1010.0,1018.0,8.0,0.4878317312145627,255.0,227.125,43.125,0.001682201627947046,,,0.1600341796875,0.159912109375,0.0009312629699707031,,0.0,0.0
126,126312,34,39.675586,Musashino_007_IchikawaOhno-FunabashiHoten_up_20240410_day,HD21,2024_0041_HD21_01_00004714.jpg,trolley2,1010.0,1018.0,1010.0,1018.0,8.0,0.485236587093909,255.0,222.25,46.28125,0.0016516650505659567,,,0.1600341796875,0.159912109375,0.0009312629699707031,,0.0,0.0
126,126313,34,39.675588,Musashino_007_IchikawaOhno-FunabashiHoten_up_20240410_day,HD21,2024_0041_HD21_01_00004714.jpg,trolley2,1011.0,1018.0,1010.0,1019.0,9.0,0.485236587093909,255.0,205.875,61.84375,0.004350911684076461,,,0.1600341796875,0.159912109375,0.0009312629699707031,,0.0,0.0
126,126314,34,39.67559,Musashino_007_IchikawaOhno-FunabashiHoten_up_20240410_day,HD21,2024_0041_HD21_01_00004714.jpg,trolley2,1010.0,1018.0,1010.0,1019.0,9.0,0.485236587093909,255.0,210.25,60.6875,0.004015569460145702,,,0.1600341796875,0.159912109375,0.0009312629699707031,,0.0,0.0
126,126315,34,39.675592,Musashino_007_IchikawaOhno-FunabashiHoten_up_20240410_day,HD21,2024_0041_HD21_01_00004714.jpg,trolley2,1011.0,1018.0,1010.0,1019.0,9.0,0.485236587093909,255.0,207.25,61.8125,0.006428138691968774,,,0.159912109375,0.159912109375,0.0009312629699707031,,0.0,0.0
126,126316,34,39.675594000000004,Musashino_007_IchikawaOhno-FunabashiHoten_up_20240410_day,HD21,2024_0041_HD21_01_00004714.jpg,trolley2,1010.0,1018.0,1010.0,1019.0,9.0,0.485236587093909,255.0,206.375,62.375,0.005823968428508499,,,0.159912109375,0.159912109375,0.0009312629699707031,,0.0,0.0
126,126317,34,39.675596,Musashino_007_IchikawaOhno-FunabashiHoten_up_20240410_day,HD21,2024_0041_HD21_01_00004714.jpg,trolley2,1010.0,1018.0,1010.0,1019.0,9.0,0.485236587093909,254.0,211.75,59.5,0.005249502624288711,,,0.159912109375,0.159912109375,0.0009312629699707031,,0.0,0.0
126,126318,34,39.675598,Musashino_007_IchikawaOhno-FunabashiHoten_up_20240410_day,HD21,2024_0041_HD21_01_00004714.jpg,trolley2,1011.0,1018.0,1010.0,1019.0,9.0,0.4878317312145627,255.0,212.125,57.46875,0.00744056553239209,,,0.159912109375,0.159912109375,0.0009312629699707031,,0.0,0.0
126,126319,34,39.6756,Musashino_007_IchikawaOhno-FunabashiHoten_up_20240410_day,HD21,2024_0041_HD21_01_00004714.jpg,trolley2,1010.0,1018.0,1010.0,1019.0,9.0,0.49020713000019667,254.0,214.25,56.46875,0.00663192281479044,,,0.159912109375,0.159912109375,0.0009312629699707031,,0.0,0.0
126,126320,34,39.675602,Musashino_007_IchikawaOhno-FunabashiHoten_up_20240410_day,HD21,2024_0041_HD21_01_00004714.jpg,trolley2,1010.0,1018.0,1010.0,1019.0,9.0,0.49236596391733045,255.0,212.75,57.4375,0.00586940129145492,,,0.159912109375,0.159912109375,0.0009312629699707031,,0.0,0.0
126,126321,34,39.675604,Musashino_007_IchikawaOhno-FunabashiHoten_up_20240410_day,HD21,2024_0041_HD21_01_00004714.jpg,trolley2,1011.0,1018.0,1010.0,1019.0,9.0,0.49431107042371,255.0,209.75,59.28125,0.007888181149103253,,,0.159912109375,0.159912109375,0.0009312629699707031,,0.0,0.0
126,126322,34,39.675606,Musashino_007_IchikawaOhno-FunabashiHoten_up_20240410_day,HD21,2024_0041_HD21_01_00004714.jpg,trolley2,1011.0,1018.0,1010.0,1019.0,9.0,0.4960449637488579,253.0,205.625,60.6875,0.009658071555117415,,,0.159912109375,0.159912109375,0.0009312629699707031,,0.0,0.0
126,126323,34,39.675608000000004,Musashino_007_IchikawaOhno-FunabashiHoten_up_20240410_day,HD21,2024_0041_HD21_01_00004714.jpg,trolley2,1011.0,1018.0,1010.0,1019.0,9.0,0.4960449637488579,253.0,203.625,61.875,0.011194752541734566,,,0.159912109375,0.159912109375,0.0009312629699707031,,0.0,0.0
126,126324,34,39.67561,Musashino_007_IchikawaOhno-FunabashiHoten_up_20240410_day,HD21,2024_0041_HD21_01_00004714.jpg,trolley2,1011.0,1017.0,1010.0,1019.0,9.0,0.4960449637488579,255.0,202.5,62.96875,0.009777873970406655,,,0.159912109375,0.159912109375,0.0009312629699707031,,0.0,0.0
126,126325,34,39.675612,Musashino_007_IchikawaOhno-FunabashiHoten_up_20240410_day,HD21,2024_0041_HD21_01_00004714.jpg,trolley2,1011.0,1017.0,1010.0,1019.0,9.0,0.4960449637488579,255.0,201.5,64.0,0.008451887916793353,,,0.159912109375,0.1597900390625,0.0009312629699707031,,0.0,0.0
126,126326,34,39.675614,Musashino_007_IchikawaOhno-FunabashiHoten_up_20240410_day,HD21,2024_0041_HD21_01_00004714.jpg,trolley2,1011.0,1018.0,1010.0,1019.0,9.0,0.4960449637488579,255.0,200.5,64.625,0.009950494958262127,,,0.159912109375,0.1597900390625,0.0009312629699707031,,0.0,0.0
126,126327,34,39.675616,Musashino_007_IchikawaOhno-FunabashiHoten_up_20240410_day,HD21,2024_0041_HD21_01_00004714.jpg,trolley2,1011.0,1018.0,1010.0,1019.0,9.0,0.4960449637488579,251.0,199.375,64.25,0.011241938569957416,,,0.159912109375,0.1597900390625,0.0009312629699707031,,0.0,0.0
126,126328,34,39.675618,Musashino_007_IchikawaOhno-FunabashiHoten_up_20240410_day,HD21,2024_0041_HD21_01_00004714.jpg,trolley2,1011.0,1017.0,1010.0,1019.0,9.0,0.4960449637488579,252.0,198.5,64.375,0.009604556113018681,,,0.159912109375,0.1597900390625,0.0009312629699707031,,0.0,0.0
126,126329,34,39.67562,Musashino_007_IchikawaOhno-FunabashiHoten_up_20240410_day,HD21,2024_0041_HD21_01_00004714.jpg,trolley2,1011.0,1018.0,1010.0,1019.0,9.0,0.4960449637488579,255.0,197.25,64.0,0.010817193824990589,,,0.159912109375,0.1597900390625,0.0009312629699707031,,0.0,0.0
126,126330,34,39.675622000000004,Musashino_007_IchikawaOhno-FunabashiHoten_up_20240410_day,HD21,2024_0041_HD21_01_00004714.jpg,trolley2,1011.0,1018.0,1010.0,1019.0,9.0,0.4960449637488579,255.0,199.75,62.53125,0.01184706861469653,,,0.1597900390625,0.1597900390625,0.0009312629699707031,,0.0,0.0
126,126331,34,39.675624,Musashino_007_IchikawaOhno-FunabashiHoten_up_20240410_day,HD21,2024_0041_HD21_01_00004714.jpg,trolley2,1011.0,1018.0,1010.0,1019.0,9.0,0.4960449637488579,255.0,200.625,61.34375,0.012707170622058435,,,0.1597900390625,0.1597900390625,0.0009312629699707031,,0.0,0.0
126,126332,34,39.675626,Musashino_007_IchikawaOhno-FunabashiHoten_up_20240410_day,HD21,2024_0041_HD21_01_00004714.jpg,trolley2,1011.0,1017.0,1010.0,1019.0,9.0,0.4960449637488579,254.0,198.0,62.90625,0.010674386849644347,,,0.1597900390625,0.1597900390625,0.0009312629699707031,,0.0,0.0
126,126333,34,39.675628,Musashino_007_IchikawaOhno-FunabashiHoten_up_20240410_day,HD21,2024_0041_HD21_01_00004714.jpg,trolley2,1011.0,1017.0,1010.0,1019.0,9.0,0.4960449637488579,252.0,198.375,63.59375,0.008790356100294256,,,0.1597900390625,0.1597900390625,0.0009312629699707031,,0.0,0.0
126,126334,34,39.67563,Musashino_007_IchikawaOhno-FunabashiHoten_up_20240410_day,HD21,2024_0041_HD21_01_00004714.jpg,trolley2,1011.0,1018.0,1010.0,1019.0,9.0,0.4960449637488579,254.0,200.75,62.96875,0.009785935794792982,,,0.1597900390625,0.1597900390625,0.0009312629699707031,,0.0,0.0
126,126335,34,39.675632,Musashino_007_IchikawaOhno-FunabashiHoten_up_20240410_day,HD21,2024_0041_HD21_01_00004714.jpg,trolley2,1011.0,1018.0,1010.0,1019.0,9.0,0.4960449637488579,255.0,200.625,63.125,0.010626514969430583,,,0.1597900390625,0.1597900390625,0.0009312629699707031,,0.0,0.0
126,126336,34,39.675634,Musashino_007_IchikawaOhno-FunabashiHoten_up_20240410_day,HD21,2024_0041_HD21_01_00004714.jpg,trolley2,1011.0,1018.0,1010.0,1019.0,9.0,0.4960449637488579,255.0,202.375,61.625,0.011323290266862584,,,0.1597900390625,0.1597900390625,0.0009312629699707031,,0.0,0.0
126,126337,34,39.675636,Musashino_007_IchikawaOhno-FunabashiHoten_up_20240410_day,HD21,2024_0041_HD21_01_00004714.jpg,trolley2,1011.0,1018.0,1010.0,1019.0,9.0,0.49756985195624287,255.0,203.5,61.875,0.01188710411257873,,,0.1597900390625,0.1597900390625,0.0009312629699707031,,0.0,0.0
126,126338,34,39.675638,Musashino_007_IchikawaOhno-FunabashiHoten_up_20240410_day,HD21,2024_0041_HD21_01_00004714.jpg,trolley2,1011.0,1018.0,1010.0,1019.0,9.0,0.4988876515698588,255.0,202.75,62.53125,0.012328421489060652,,,0.1597900390625,0.1597900390625,0.0009312629699707031,,0.0,0.0
126,126339,34,39.67564,Musashino_007_IchikawaOhno-FunabashiHoten_up_20240410_day,HD21,2024_0041_HD21_01_00004714.jpg,trolley2,1011.0,1018.0,1010.0,1019.0,9.0,0.5,255.0,201.75,62.59375,0.012657311141985709,,,0.1597900390625,0.1597900390625,0.0009312629699707031,,0.0,0.0
126,126340,34,39.675642,Musashino_007_IchikawaOhno-FunabashiHoten_up_20240410_day,HD21,2024_0041_HD21_01_00004714.jpg,trolley2,1011.0,1018.0,1010.0,1019.0,9.0,0.5009082659620332,254.0,203.5,62.25,0.012883430869648332,,,0.1597900390625,0.1597900390625,0.0009312629699707031,,0.0,0.0
126,126341,34,39.675644,Musashino_007_IchikawaOhno-FunabashiHoten_up_20240410_day,HD21,2024_0041_HD21_01_00004714.jpg,trolley2,1011.0,1018.0,1010.0,1019.0,9.0,0.5016135580465921,255.0,204.375,62.3125,0.013016016559971236,,,0.1597900390625,0.1597900390625,0.0009312629699707031,,0.0,0.0
126,126342,34,39.675646,Musashino_007_IchikawaOhno-FunabashiHoten_up_20240410_day,HD21,2024_0041_HD21_01_00004714.jpg,trolley2,1011.0,1018.0,1010.0,1019.0,9.0,0.5021167315686786,255.0,202.875,62.75,0.013063874653182072,,,0.1597900390625,0.15966796875,0.0009312629699707031,,0.0,0.0
126,126343,34,39.675648,Musashino_007_IchikawaOhno-FunabashiHoten_up_20240410_day,HD21,2024_0041_HD21_01_00004714.jpg,trolley2,1011.0,1018.0,1010.0,1019.0,9.0,0.5024183937956919,255.0,202.0,63.25,0.01303537772228962,,,0.1597900390625,0.15966796875,0.0009312629699707031,,0.0,0.0
126,126344,34,39.67565,Musashino_007_IchikawaOhno-FunabashiHoten_up_20240410_day,HD21,2024_0041_HD21_01_00004714.jpg,trolley2,1011.0,1018.0,1010.0,1019.0,9.0,0.5025189076296066,254.0,201.25,63.4375,0.012938462877814189,,,0.1597900390625,0.15966796875,0.0009312629699707031,,0.0,0.0
126,126345,34,39.675652,Musashino_007_IchikawaOhno-FunabashiHoten_up_20240410_day,HD21,2024_0041_HD21_01_00004714.jpg,trolley2,1011.0,1018.0,1010.0,1019.0,9.0,0.5024183937956921,255.0,202.75,63.4375,0.012780632717685095,,,0.1597900390625,0.15966796875,0.0009312629699707031,,0.0,0.0
126,126346,34,39.675654,Musashino_007_IchikawaOhno-FunabashiHoten_up_20240410_day,HD21,2024_0041_HD21_01_00004714.jpg,trolley2,1011.0,1018.0,1010.0,1019.0,9.0,0.5021167315686791,255.0,204.875,62.75,0.01256895855773641,,,0.1597900390625,0.15966796875,0.0009312629699707031,,0.0,0.0
126,126347,34,39.675656000000004,Musashino_007_IchikawaOhno-FunabashiHoten_up_20240410_day,HD21,2024_0041_HD21_01_00004714.jpg,trolley2,1011.0,1018.0,1010.0,1019.0,9.0,0.5016135580465928,253.0,206.25,61.28125,0.012310085692710936,,,0.1597900390625,0.15966796875,0.0009312629699707031,,0.0,0.0
126,126348,34,39.675658,Musashino_007_IchikawaOhno-FunabashiHoten_up_20240410_day,HD21,2024_0041_HD21_01_00004714.jpg,trolley2,1011.0,1018.0,1010.0,1019.0,9.0,0.5016135580465928,254.0,206.0,61.4375,0.012010240452066346,,,0.15966796875,0.15966796875,0.0009312629699707031,,0.0,0.0
126,126349,34,39.67566,Musashino_007_IchikawaOhno-FunabashiHoten_up_20240410_day,HD21,2024_0041_HD21_01_00004714.jpg,trolley2,1011.0,1018.0,1010.0,1019.0,9.0,0.5016135580465928,255.0,204.5,62.375,0.011675238829070952,,,0.15966796875,0.15966796875,0.0009312629699707031,,0.0,0.0
126,126350,34,39.675662,Musashino_007_IchikawaOhno-FunabashiHoten_up_20240410_day,HD21,2024_0041_HD21_01_00004714.jpg,trolley2,1011.0,1018.0,1010.0,1019.0,9.0,0.5016135580465928,255.0,204.25,62.71875,0.01131049647564379,,,0.15966796875,0.15966796875,0.0009312629699707031,,0.0,0.0
126,126351,34,39.675664,Musashino_007_IchikawaOhno-FunabashiHoten_up_20240410_day,HD21,2024_0041_HD21_01_00004714.jpg,trolley2,1011.0,1018.0,1010.0,1019.0,9.0,0.5009082659620341,254.0,205.25,61.8125,0.010921039869077208,,,0.15966796875,0.15966796875,0.0009312629699707031,,0.0,0.0
126,126352,34,39.675666,Musashino_007_IchikawaOhno-FunabashiHoten_up_20240410_day,HD21,2024_0041_HD21_01_00004714.jpg,trolley2,1011.0,1018.0,1010.0,1019.0,9.0,0.500000000000001,255.0,204.375,62.65625,0.010511518470113819,,,0.15966796875,0.15966796875,0.0009312629699707031,,0.0,0.0
126,126353,34,39.675668,Musashino_007_IchikawaOhno-FunabashiHoten_up_20240410_day,HD21,2024_0041_HD21_01_00004714.jpg,trolley2,1011.0,1018.0,1010.0,1019.0,9.0,0.49888765156986004,255.0,206.875,61.25,0.010086217704833964,,,0.15966796875,0.15966796875,0.0009312629699707031,,0.0,0.0
126,126354,34,39.675670000000004,Musashino_007_IchikawaOhno-FunabashiHoten_up_20240410_day,HD21,2024_0041_HD21_01_00004714.jpg,trolley2,1011.0,1018.0,1010.0,1019.0,9.0,0.49756985195624426,251.0,203.75,61.53125,0.009649072615369193,,,0.15966796875,0.15966796875,0.0009312629699707031,,0.0,0.0
126,126355,34,39.675672,Musashino_007_IchikawaOhno-FunabashiHoten_up_20240410_day,HD21,2024_0041_HD21_01_00004714.jpg,trolley2,1011.0,1018.0,1010.0,1019.0,9.0,0.4960449637488596,255.0,200.875,62.59375,0.009203682036594241,,,0.15966796875,0.15966796875,0.0009312629699707031,,0.0,0.0
126,126356,34,39.675674,Musashino_007_IchikawaOhno-FunabashiHoten_up_20240410_day,HD21,2024_0041_HD21_01_00004714.jpg,trolley2,1011.0,1018.0,1010.0,1019.0,9.0,0.4943110704237118,254.0,201.125,63.09375,0.008753323167629539,,,0.15966796875,0.15966796875,0.0009312629699707031,,0.0,0.0
126,126357,34,39.675676,Musashino_007_IchikawaOhno-FunabashiHoten_up_20240410_day,HD21,2024_0041_HD21_01_00004714.jpg,trolley2,1011.0,1018.0,1010.0,1019.0,9.0,0.49236596391733256,255.0,203.125,61.6875,0.008300966418194897,,,0.15966796875,0.15966796875,0.0009312629699707031,,0.0,0.0
126,126358,34,39.675678,Musashino_007_IchikawaOhno-FunabashiHoten_up_20240410_day,HD21,2024_0041_HD21_01_00004714.jpg,trolley2,1011.0,1018.0,1010.0,1019.0,9.0,0.490207130000199,252.0,210.0,59.21875,0.007849290420570993,,,0.15966796875,0.15966796875,0.0009312629699707031,,0.0,0.0
126,126359,34,39.67568,Musashino_007_IchikawaOhno-FunabashiHoten_up_20240410_day,HD21,2024_0041_HD21_01_00004714.jpg,trolley2,1011.0,1018.0,1010.0,1019.0,9.0,0.4878317312145652,255.0,207.375,61.53125,0.007400697108157681,,,0.15966796875,0.15966796875,0.0009312629699707031,,0.0,0.0
126,126360,34,39.675682,Musashino_007_IchikawaOhno-FunabashiHoten_up_20240410_day,HD21,2024_0041_HD21_01_00004714.jpg,trolley2,1010.0,1018.0,1010.0,1019.0,9.0,0.4852365870939117,254.0,209.25,61.875,0.004221618536275048,,,0.15966796875,0.15966796875,0.0009312629699707031,,0.0,0.0
126,126361,34,39.675684000000004,Musashino_007_IchikawaOhno-FunabashiHoten_up_20240410_day,HD21,2024_0041_HD21_01_00004714.jpg,trolley2,1011.0,1018.0,1010.0,1019.0,9.0,0.4824181513244239,253.0,206.25,61.28125,0.004079123678030972,,,0.15966796875,0.15966796875,0.0009312629699707031,,0.0,0.0
126,126362,34,39.675686,Musashino_007_IchikawaOhno-FunabashiHoten_up_20240410_day,HD21,2024_0041_HD21_01_00004714.jpg,trolley2,1011.0,1018.0,1010.0,1019.0,9.0,0.47937248544110445,254.0,204.875,61.03125,0.003928831609064135,,,0.15966796875,0.1595458984375,0.0009312629699707031,,0.0,0.0
126,126363,34,39.675688,Musashino_007_IchikawaOhno-FunabashiHoten_up_20240410_day,HD21,2024_0041_HD21_01_00004714.jpg,trolley2,1011.0,1018.0,1010.0,1019.0,9.0,0.47609522856952563,255.0,206.75,60.71875,0.003772359238449817,,,0.15966796875,0.1595458984375,0.0009312629699707031,,0.0,0.0
126,126364,34,39.67569,Musashino_007_IchikawaOhno-FunabashiHoten_up_20240410_day,HD21,2024_0041_HD21_01_00004714.jpg,trolley2,1011.0,1018.0,1010.0,1019.0,9.0,0.4725815626252633,255.0,208.0,61.09375,0.003611192514209543,,,0.15966796875,0.1595458984375,0.0009312629699707031,,0.0,0.0
126,126365,34,39.675692,Musashino_007_IchikawaOhno-FunabashiHoten_up_20240410_day,HD21,2024_0041_HD21_01_00004714.jpg,trolley2,1011.0,1018.0,1010.0,1019.0,9.0,0.4688261722621533,255.0,208.25,61.3125,0.0034466916390575326,,,0.15966796875,0.1595458984375,0.0009312629699707031,,0.0,0.0
126,126366,34,39.675694,Musashino_007_IchikawaOhno-FunabashiHoten_up_20240410_day,HD21,2024_0041_HD21_01_00004714.jpg,trolley2,1011.0,1018.0,1010.0,1019.0,9.0,0.4648231987117345,254.0,209.0,60.3125,0.0032800964426232763,,,0.15966796875,0.1595458984375,0.0009312629699707031,,0.0,0.0
126,126367,34,39.675696,Musashino_007_IchikawaOhno-FunabashiHoten_up_20240410_day,HD21,2024_0041_HD21_01_00004714.jpg,trolley2,1010.0,1018.0,1010.0,1019.0,9.0,0.4605661864718411,255.0,210.875,59.625,0.00037682362974962493,,,0.15966796875,0.1595458984375,0.0009312629699707031,,0.0,0.0
126,126368,34,39.675698000000004,Musashino_007_IchikawaOhno-FunabashiHoten_up_20240410_day,HD21,2024_0041_HD21_01_00004714.jpg,trolley2,1010.0,1018.0,1010.0,1019.0,9.0,0.45604802157207164,255.0,213.375,60.40625,-0.002232644058644019,,,0.15966796875,0.1595458984375,0.0009312629699707031,,0.0,0.0
126,126369,34,39.6757,Musashino_007_IchikawaOhno-FunabashiHoten_up_20240410_day,HD21,2024_0041_HD21_01_00004714.jpg,trolley2,1010.0,1018.0,1010.0,1019.0,9.0,0.4512608598542161,254.0,212.75,59.4375,-0.004563970246651587,,,0.1595458984375,0.1595458984375,0.0009312629699707031,,0.0,0.0
126,126370,34,39.675702,Musashino_007_IchikawaOhno-FunabashiHoten_up_20240410_day,HD21,2024_0041_HD21_01_00004714.jpg,trolley2,1010.0,1018.0,1010.0,1019.0,9.0,0.44619604333847696,255.0,214.25,59.09375,-0.006632744136898402,,,0.1595458984375,0.1595458984375,0.0009312629699707031,,0.0,0.0
126,126371,34,39.675704,Musashino_007_IchikawaOhno-FunabashiHoten_up_20240410_day,HD21,2024_0041_HD21_01_00004714.jpg,trolley2,1010.0,1018.0,1010.0,1019.0,9.0,0.4408440022768115,255.0,213.75,58.21875,-0.00845440279966732,,,0.1595458984375,0.1595458984375,0.0009312629699707031,,0.0,0.0
126,126372,34,39.675706,Musashino_007_IchikawaOhno-FunabashiHoten_up_20240410_day,HD21,2024_0041_HD21_01_00004714.jpg,trolley2,1010.0,1018.0,1010.0,1019.0,9.0,0.4351941398892482,255.0,214.75,57.875,-0.010044162213771506,,,0.1595458984375,0.1595458984375,0.0009312629699707031,,0.0,0.0
126,126373,34,39.675708,Musashino_007_IchikawaOhno-FunabashiHoten_up_20240410_day,HD21,2024_0041_HD21_01_00004714.jpg,trolley2,1010.0,1018.0,1010.0,1019.0,9.0,0.4292346959909316,255.0,216.75,57.59375,-0.011416956544596762,,,0.1595458984375,0.1595458984375,0.0009312629699707031,,0.0,0.0
126,126374,34,39.67571,Musashino_007_IchikawaOhno-FunabashiHoten_up_20240410_day,HD21,2024_0041_HD21_01_00004714.jpg,trolley2,1010.0,1018.0,1010.0,1019.0,9.0,0.42295258468165464,254.0,214.75,57.8125,-0.012587385152121117,,,0.1595458984375,0.1595458984375,0.0009312629699707031,,0.0,0.0
126,126375,34,39.675712,Musashino_007_IchikawaOhno-FunabashiHoten_up_20240410_day,HD21,2024_0041_HD21_01_00004714.jpg,trolley2,1011.0,1018.0,1010.0,1019.0,9.0,0.4163331998932307,255.0,214.875,59.03125,-0.010833958596039741,,,0.1595458984375,0.1595458984375,0.0009312629699707031,,0.0,0.0
126,126376,34,39.675714,Musashino_007_IchikawaOhno-FunabashiHoten_up_20240410_day,HD21,2024_0041_HD21_01_00004714.jpg,trolley2,1010.0,1018.0,1010.0,1019.0,9.0,0.4093601807403367,255.0,215.125,58.65625,-0.011935651464232512,,,0.1595458984375,0.1595458984375,0.0009312629699707031,,0.0,0.0
126,126377,34,39.675716,Musashino_007_IchikawaOhno-FunabashiHoten_up_20240410_day,HD21,2024_0041_HD21_01_00004714.jpg,trolley2,1010.0,1018.0,1010.0,1019.0,9.0,0.40201512610368934,255.0,212.75,59.46875,-0.012859768035776127,,,0.1595458984375,0.1595458984375,0.0009312629699707031,,0.0,0.0
126,126378,34,39.675718,Musashino_007_IchikawaOhno-FunabashiHoten_up_20240410_day,HD21,2024_0041_HD21_01_00004714.jpg,trolley2,1010.0,1018.0,1010.0,1018.0,8.0,0.40201512610368934,255.0,228.25,42.5,-0.01361934853892398,,,0.1595458984375,0.1595458984375,0.0009312629699707031,,0.0,0.0
126,126379,34,39.67572,Musashino_007_IchikawaOhno-FunabashiHoten_up_20240410_day,HD21,2024_0041_HD21_01_00004714.jpg,trolley2,1010.0,1018.0,1010.0,1018.0,8.0,0.4093601807403367,255.0,230.125,40.84375,-0.01422700454299519,,,0.1595458984375,0.1595458984375,0.0009312629699707031,,0.0,0.0
126,126380,34,39.675722,Musashino_007_IchikawaOhno-FunabashiHoten_up_20240410_day,HD21,2024_0041_HD21_01_00004714.jpg,trolley2,1010.0,1018.0,1010.0,1018.0,8.0,0.4163331998932307,255.0,229.25,41.5625,-0.01469489363902351,,,0.1595458984375,0.1595458984375,0.0009312629699707031,,0.0,0.0
126,126381,34,39.675724,Musashino_007_IchikawaOhno-FunabashiHoten_up_20240410_day,HD21,2024_0041_HD21_01_00004714.jpg,trolley2,1010.0,1018.0,1010.0,1018.0,8.0,0.42295258468165464,255.0,226.625,43.0625,-0.015034699184558855,,,0.1595458984375,0.1595458984375,0.0009312629699707031,,0.0,0.0
126,126382,34,39.675726,Musashino_007_IchikawaOhno-FunabashiHoten_up_20240410_day,HD21,2024_0041_HD21_01_00004714.jpg,trolley2,1010.0,1018.0,1010.0,1018.0,8.0,0.4292346959909316,255.0,227.875,42.625,-0.015257614707363028,,,0.1595458984375,0.1595458984375,0.0009312629699707031,,0.0,0.0
126,126383,34,39.675728,Musashino_007_IchikawaOhno-FunabashiHoten_up_20240410_day,HD21,2024_0041_HD21_01_00004714.jpg,trolley2,1010.0,1018.0,1010.0,1018.0,8.0,0.4351941398892482,255.0,229.625,41.03125,-0.015374332578557543,,,0.1595458984375,0.1595458984375,0.0009312629699707031,,0.0,0.0
126,126384,34,39.67573,Musashino_007_IchikawaOhno-FunabashiHoten_up_20240410_day,HD21,2024_0041_HD21_01_00004714.jpg,trolley2,1010.0,1018.0,1010.0,1018.0,8.0,0.4408440022768115,255.0,230.0,40.5625,-0.015395036582108085,,,0.1595458984375,0.1595458984375,0.0009312629699707031,,0.0,0.0
126,126385,34,39.675732,Musashino_007_IchikawaOhno-FunabashiHoten_up_20240410_day,HD21,2024_0041_HD21_01_00004714.jpg,trolley2,1010.0,1018.0,1010.0,1018.0,8.0,0.44619604333847696,255.0,232.125,39.65625,-0.015329398024226384,,,0.1595458984375,0.1595458984375,0.0009312629699707031,,0.0,0.0
126,126386,34,39.675734,Musashino_007_IchikawaOhno-FunabashiHoten_up_20240410_day,HD21,2024_0041_HD21_01_00004714.jpg,trolley2,1010.0,1018.0,1010.0,1018.0,8.0,0.4512608598542161,255.0,231.75,40.0625,-0.015186575043238813,,,0.1595458984375,0.1595458984375,0.0009312629699707031,,0.0,0.0
126,126387,34,39.675736,Musashino_007_IchikawaOhno-FunabashiHoten_up_20240410_day,HD21,2024_0041_HD21_01_00004714.jpg,trolley2,1010.0,1018.0,1010.0,1018.0,8.0,0.45604802157207164,255.0,230.5,40.28125,-0.014975214797537969,,,0.1595458984375,0.159423828125,0.0009312629699707031,,0.0,0.0
126,126388,34,39.675738,Musashino_007_IchikawaOhno-FunabashiHoten_up_20240410_day,HD21,2024_0041_HD21_01_00004714.jpg,trolley2,1010.0,1018.0,1010.0,1018.0,8.0,0.4605661864718411,253.0,231.375,39.78125,-0.014703458226348274,,,0.1595458984375,0.159423828125,0.0009312629699707031,,0.0,0.0
126,126389,34,39.67574,Musashino_007_IchikawaOhno-FunabashiHoten_up_20240410_day,HD21,2024_0041_HD21_01_00004714.jpg,trolley2,1010.0,1018.0,1010.0,1018.0,8.0,0.4648231987117345,254.0,232.75,38.96875,-0.014378947095067436,,,0.1595458984375,0.159423828125,0.0009312629699707031,,0.0,0.0
126,126390,34,39.675742,Musashino_007_IchikawaOhno-FunabashiHoten_up_20240410_day,HD21,2024_0041_HD21_01_00004714.jpg,trolley2,1010.0,1018.0,1010.0,1018.0,8.0,0.4688261722621533,255.0,233.25,38.09375,-0.014008833053818441,,,0.1595458984375,0.159423828125,0.0009312629699707031,,0.0,0.0
126,126391,34,39.675744,Musashino_007_IchikawaOhno-FunabashiHoten_up_20240410_day,HD21,2024_0041_HD21_01_00004714.jpg,trolley2,1010.0,1018.0,1010.0,1018.0,8.0,0.4725815626252633,253.0,233.875,37.40625,-0.013599788454488495,,,0.1595458984375,0.159423828125,0.0009312629699707031,,0.0,0.0
126,126392,34,39.675746000000004,Musashino_007_IchikawaOhno-FunabashiHoten_up_20240410_day,HD21,2024_0041_HD21_01_00004714.jpg,trolley2,1010.0,1018.0,1010.0,1018.0,8.0,0.47609522856952563,253.0,234.5,37.65625,-0.013158018687862661,,,0.1595458984375,0.159423828125,0.0009312629699707031,,0.0,0.0
126,126393,34,39.675748,Musashino_007_IchikawaOhno-FunabashiHoten_up_20240410_day,HD21,2024_0041_HD21_01_00004714.jpg,trolley2,1010.0,1018.0,1010.0,1018.0,8.0,0.47937248544110445,254.0,234.375,37.875,-0.012689275818444515,,,0.1595458984375,0.159423828125,0.0009312629699707031,,0.0,0.0
126,126394,34,39.67575,Musashino_007_IchikawaOhno-FunabashiHoten_up_20240410_day,HD21,2024_0041_HD21_01_00004714.jpg,trolley2,1010.0,1018.0,1010.0,1018.0,8.0,0.47937248544110445,254.0,234.5,37.21875,-0.012198873310113992,,,0.159423828125,0.159423828125,0.0009312629699707031,,0.0,0.0
126,126395,34,39.675752,Musashino_007_IchikawaOhno-FunabashiHoten_up_20240410_day,HD21,2024_0041_HD21_01_00004714.jpg,trolley2,1010.0,1018.0,1010.0,1018.0,8.0,0.47937248544110445,253.0,235.625,35.65625,-0.011691701650890693,,,0.159423828125,0.159423828125,0.0009312629699707031,,0.0,0.0
126,126396,34,39.675754,Musashino_007_IchikawaOhno-FunabashiHoten_up_20240410_day,HD21,2024_0041_HD21_01_00004714.jpg,trolley2,1010.0,1018.0,1010.0,1018.0,8.0,0.47937248544110445,253.0,236.125,34.8125,-0.011172244699684183,,,0.159423828125,0.159423828125,0.0009312629699707031,,0.0,0.0
126,126397,34,39.675756,Musashino_007_IchikawaOhno-FunabashiHoten_up_20240410_day,HD21,2024_0041_HD21_01_00004714.jpg,trolley2,1010.0,1018.0,1010.0,1018.0,8.0,0.47937248544110445,254.0,235.625,35.09375,-0.010644596592015497,,,0.159423828125,0.159423828125,0.0009312629699707031,,0.0,0.0
126,126398,34,39.675758,Musashino_007_IchikawaOhno-FunabashiHoten_up_20240410_day,HD21,2024_0041_HD21_01_00004714.jpg,trolley2,1010.0,1018.0,1010.0,1018.0,8.0,0.47937248544110445,254.0,235.875,34.6875,-0.010112479055248917,,,0.159423828125,0.159423828125,0.0009312629699707031,,0.0,0.0
126,126399,34,39.675760000000004,Musashino_007_IchikawaOhno-FunabashiHoten_up_20240410_day,HD21,2024_0041_HD21_01_00004714.jpg,trolley2,1010.0,1018.0,1010.0,1018.0,8.0,0.47937248544110445,253.0,236.5,34.21875,-0.009579258996862352,,,0.159423828125,0.159423828125,0.0009312629699707031,,0.0,0.0
126,126400,34,39.675762,Musashino_007_IchikawaOhno-FunabashiHoten_up_20240410_day,HD21,2024_0041_HD21_01_00004714.jpg,trolley2,1010.0,1018.0,1010.0,1018.0,8.0,0.47937248544110445,255.0,236.625,33.5625,-0.009047966241698398,,,0.159423828125,0.159423828125,0.0009312629699707031,,0.0,0.0
126,126401,34,39.675764,Musashino_007_IchikawaOhno-FunabashiHoten_up_20240410_day,HD21,2024_0041_HD21_01_00004714.jpg,trolley2,1010.0,1018.0,1010.0,1018.0,8.0,0.47937248544110445,255.0,236.875,33.125,-0.008521311305966684,,,0.159423828125,0.159423828125,0.0009312629699707031,,0.0,0.0
126,126402,34,39.675766,Musashino_007_IchikawaOhno-FunabashiHoten_up_20240410_day,HD21,2024_0041_HD21_01_00004714.jpg,trolley2,1010.0,1018.0,1010.0,1018.0,8.0,0.47937248544110445,255.0,236.75,33.09375,-0.008001703107002227,,,0.159423828125,0.159423828125,0.0009312629699707031,,0.0,0.0
126,126403,34,39.675768,Musashino_007_IchikawaOhno-FunabashiHoten_up_20240410_day,HD21,2024_0041_HD21_01_00004714.jpg,trolley2,1010.0,1018.0,1010.0,1018.0,8.0,0.47937248544110445,255.0,236.625,33.0625,-0.007491266518429606,,,0.159423828125,0.159423828125,0.0009312629699707031,,0.0,0.0
126,126404,34,39.67577,Musashino_007_IchikawaOhno-FunabashiHoten_up_20240410_day,HD21,2024_0041_HD21_01_00004714.jpg,trolley2,1010.0,1018.0,1010.0,1018.0,8.0,0.47937248544110445,255.0,237.25,32.53125,-0.006991859690436602,,,0.159423828125,0.159423828125,0.0009312629699707031,,0.0,0.0
126,126405,34,39.675772,Musashino_007_IchikawaOhno-FunabashiHoten_up_20240410_day,HD21,2024_0041_HD21_01_00004714.jpg,trolley2,1010.0,1018.0,1010.0,1018.0,8.0,0.47937248544110445,255.0,238.125,31.078125,-0.006505091064327269,,,0.159423828125,0.159423828125,0.0009312629699707031,,0.0,0.0
126,126406,34,39.675774000000004,Musashino_007_IchikawaOhno-FunabashiHoten_up_20240410_day,HD21,2024_0041_HD21_01_00004714.jpg,trolley2,1010.0,1018.0,1010.0,1018.0,8.0,0.47937248544110445,255.0,238.5,30.703125,-0.006032336019415078,,,0.159423828125,0.159423828125,0.0009312629699707031,,0.0,0.0
126,126407,34,39.675776,Musashino_007_IchikawaOhno-FunabashiHoten_up_20240410_day,HD21,2024_0041_HD21_01_00004714.jpg,trolley2,1010.0,1018.0,1010.0,1018.0,8.0,0.47937248544110445,255.0,238.125,30.8125,-0.0055747530986457045,,,0.159423828125,0.159423828125,0.0009312629699707031,,0.0,0.0
126,126408,34,39.675778,Musashino_007_IchikawaOhno-FunabashiHoten_up_20240410_day,HD21,2024_0041_HD21_01_00004714.jpg,trolley2,1010.0,1018.0,1010.0,1018.0,8.0,0.47937248544110445,255.0,238.5,30.125,-0.005133299767096977,,,0.159423828125,0.159423828125,0.0009312629699707031,,0.0,0.0
126,126409,34,39.67578,Musashino_007_IchikawaOhno-FunabashiHoten_up_20240410_day,HD21,2024_0041_HD21_01_00004714.jpg,trolley2,1010.0,1018.0,1010.0,1018.0,8.0,0.47937248544110445,255.0,238.625,30.375,-0.0047087476647439085,,,0.159423828125,0.159423828125,0.0009312629699707031,,0.0,0.0
126,126410,34,39.675782,Musashino_007_IchikawaOhno-FunabashiHoten_up_20240410_day,HD21,2024_0041_HD21_01_00004714.jpg,trolley2,1010.0,1018.0,1010.0,1018.0,8.0,0.47937248544110445,254.0,238.125,30.5625,-0.004301697321568816,,,0.159423828125,0.159423828125,0.0009312629699707031,,0.0,0.0
126,126411,34,39.675784,Musashino_007_IchikawaOhno-FunabashiHoten_up_20240410_day,HD21,2024_0041_HD21_01_00004714.jpg,trolley2,1010.0,1018.0,1010.0,1018.0,8.0,0.47937248544110445,254.0,238.0,30.75,-0.003912592309298471,,,0.159423828125,0.159423828125,0.0009312629699707031,,0.0,0.0
126,126412,34,39.675786,Musashino_007_IchikawaOhno-FunabashiHoten_up_20240410_day,HD21,2024_0041_HD21_01_00004714.jpg,trolley2,1010.0,1018.0,1010.0,1018.0,8.0,0.47937248544110445,254.0,238.25,30.625,-0.0035417328097492413,,,0.159423828125,0.159423828125,0.0009312629699707031,,0.0,0.0
126,126413,34,39.675788000000004,Musashino_007_IchikawaOhno-FunabashiHoten_up_20240410_day,HD21,2024_0041_HD21_01_00004714.jpg,trolley2,1010.0,1018.0,1010.0,1018.0,8.0,0.4824181513244239,255.0,238.75,29.90625,-0.0031892885849939974,,,0.159423828125,0.159423828125,0.0009312629699707031,,0.0,0.0
126,126414,34,39.67579,Musashino_007_IchikawaOhno-FunabashiHoten_up_20240410_day,HD21,2024_0041_HD21_01_00004714.jpg,trolley2,1010.0,1018.0,1010.0,1018.0,8.0,0.4852365870939117,254.0,239.5,28.8125,-0.002855311339344835,,,0.159423828125,0.159423828125,0.0009312629699707031,,0.0,0.0
126,126415,34,39.675792,Musashino_007_IchikawaOhno-FunabashiHoten_up_20240410_day,HD21,2024_0041_HD21_01_00004714.jpg,trolley2,1010.0,1018.0,1010.0,1018.0,8.0,0.4878317312145652,254.0,239.625,28.03125,-0.002539746467494896,,,0.159423828125,0.159423828125,0.0009312629699707031,,0.0,0.0
126,126416,34,39.675794,Musashino_007_IchikawaOhno-FunabashiHoten_up_20240410_day,HD21,2024_0041_HD21_01_00004714.jpg,trolley2,1010.0,1018.0,1010.0,1018.0,8.0,0.490207130000199,254.0,238.125,30.296875,-0.0022424441870919154,,,0.159423828125,0.159423828125,0.0009312629699707031,,0.0,0.0
126,126417,34,39.675796,Musashino_007_IchikawaOhno-FunabashiHoten_up_20240410_day,HD21,2024_0041_HD21_01_00004714.jpg,trolley2,1010.0,1018.0,1010.0,1018.0,8.0,0.49236596391733256,254.0,238.5,29.9375,-0.0019631700575682095,,,0.159423828125,0.159423828125,0.0009312629699707031,,0.0,0.0
126,126418,34,39.675798,Musashino_007_IchikawaOhno-FunabashiHoten_up_20240410_day,HD21,2024_0041_HD21_01_00004714.jpg,trolley2,1010.0,1018.0,1010.0,1018.0,8.0,0.4943110704237118,254.0,239.5,29.109375,-0.0017016148902167095,,,0.159423828125,0.1593017578125,0.0009312629699707031,,0.0,0.0
126,126419,34,39.6758,Musashino_007_IchikawaOhno-FunabashiHoten_up_20240410_day,HD21,2024_0041_HD21_01_00004714.jpg,trolley2,1010.0,1019.0,1010.0,1018.0,8.0,0.4960449637488596,254.0,240.375,27.90625,0.001278304177736847,,,0.159423828125,0.1593017578125,0.0009312629699707031,,0.0,0.0
126,126420,34,39.675802,Musashino_007_IchikawaOhno-FunabashiHoten_up_20240410_day,HD21,2024_0041_HD21_01_00004714.jpg,trolley2,1010.0,1018.0,1010.0,1018.0,8.0,0.49756985195624426,254.0,240.375,27.40625,0.0012118431218729486,,,0.159423828125,0.1593017578125,0.0009312629699707031,,0.0,0.0
126,126421,34,39.675804,Musashino_007_IchikawaOhno-FunabashiHoten_up_20240410_day,HD21,2024_0041_HD21_01_00004714.jpg,trolley2,1010.0,1018.0,1010.0,1018.0,8.0,0.49888765156986004,254.0,240.0,27.59375,0.0011455244844836513,,,0.159423828125,0.1593017578125,0.0009312629699707031,,0.0,0.0
126,126422,34,39.675806,Musashino_007_IchikawaOhno-FunabashiHoten_up_20240410_day,HD21,2024_0041_HD21_01_00004714.jpg,trolley2,1010.0,1018.0,1010.0,1018.0,8.0,0.500000000000001,255.0,239.875,28.53125,0.001079696608863961,,,0.159423828125,0.1593017578125,0.0009312629699707031,,0.0,0.0
126,126423,34,39.675808,Musashino_007_IchikawaOhno-FunabashiHoten_up_20240410_day,HD21,2024_0041_HD21_01_00004714.jpg,trolley2,1010.0,1019.0,1010.0,1018.0,8.0,0.5009082659620341,255.0,239.25,28.828125,0.003750377889225923,,,0.159423828125,0.1593017578125,0.0009312629699707031,,0.0,0.0
126,126424,34,39.67581,Musashino_007_IchikawaOhno-FunabashiHoten_up_20240410_day,HD21,2024_0041_HD21_01_00004714.jpg,trolley2,1010.0,1019.0,1010.0,1019.0,9.0,0.5009082659620341,254.0,229.25,44.125,0.00612837535726864,,,0.159423828125,0.1593017578125,0.0009312629699707031,,0.0,0.0
126,126425,34,39.675812,Musashino_007_IchikawaOhno-FunabashiHoten_up_20240410_day,HD21,2024_0041_HD21_01_00004714.jpg,trolley2,1010.0,1019.0,1010.0,1019.0,9.0,0.5009082659620341,254.0,228.625,44.96875,0.0082305048363214,,,0.159423828125,0.1593017578125,0.0009312629699707031,,0.0,0.0
126,126426,34,39.675814,Musashino_007_IchikawaOhno-FunabashiHoten_up_20240410_day,HD21,2024_0041_HD21_01_00004714.jpg,trolley2,1010.0,1019.0,1010.0,1019.0,9.0,0.5009082659620341,255.0,228.625,44.9375,0.010073377870535126,,,0.159423828125,0.1593017578125,0.0009312629699707031,,0.0,0.0
126,126427,34,39.675816,Musashino_007_IchikawaOhno-FunabashiHoten_up_20240410_day,HD21,2024_0041_HD21_01_00004714.jpg,trolley2,1010.0,1018.0,1010.0,1019.0,9.0,0.5009082659620341,254.0,227.75,45.75,0.008937623418833333,,,0.159423828125,0.1593017578125,0.0009312629699707031,,0.0,0.0
126,126428,34,39.675818,Musashino_007_IchikawaOhno-FunabashiHoten_up_20240410_day,HD21,2024_0041_HD21_01_00004714.jpg,trolley2,1010.0,1018.0,1010.0,1019.0,9.0,0.5009082659620341,254.0,226.5,46.6875,0.007868710033501716,,,0.1593017578125,0.1593017578125,0.0009312629699707031,,0.0,0.0
126,126429,34,39.67582,Musashino_007_IchikawaOhno-FunabashiHoten_up_20240410_day,HD21,2024_0041_HD21_01_00004714.jpg,trolley2,1010.0,1018.0,1010.0,1019.0,9.0,0.5009082659620341,254.0,226.875,46.34375,0.0068656745418205775,,,0.1593017578125,0.1593017578125,0.0009312629699707031,,0.0,0.0
126,126430,34,39.675822000000004,Musashino_007_IchikawaOhno-FunabashiHoten_up_20240410_day,HD21,2024_0041_HD21_01_00004714.jpg,trolley2,1010.0,1018.0,1010.0,1019.0,9.0,0.5009082659620341,254.0,227.5,45.8125,0.0059272914807348654,,,0.1593017578125,0.1593017578125,0.0009312629699707031,,0.0,0.0
126,126431,34,39.675824,Musashino_007_IchikawaOhno-FunabashiHoten_up_20240410_day,HD21,2024_0041_HD21_01_00004714.jpg,trolley2,1010.0,1018.0,1010.0,1019.0,9.0,0.5009082659620341,254.0,226.0,46.46875,0.005052106531372118,,,0.1593017578125,0.1593017578125,0.0009312629699707031,,0.0,0.0
126,126432,34,39.675826,Musashino_007_IchikawaOhno-FunabashiHoten_up_20240410_day,HD21,2024_0041_HD21_01_00004714.jpg,trolley2,1010.0,1018.0,1010.0,1019.0,9.0,0.5009082659620341,254.0,222.75,48.75,0.004238467798476796,,,0.1593017578125,0.1593017578125,0.0009312629699707031,,0.0,0.0
126,126433,34,39.675828,Musashino_007_IchikawaOhno-FunabashiHoten_up_20240410_day,HD21,2024_0041_HD21_01_00004714.jpg,trolley2,1010.0,1018.0,1010.0,1019.0,9.0,0.5009082659620341,253.0,225.125,47.8125,0.003484554983242471,,,0.1593017578125,0.1593017578125,0.0009312629699707031,,0.0,0.0
126,126434,34,39.67583,Musashino_007_IchikawaOhno-FunabashiHoten_up_20240410_day,HD21,2024_0041_HD21_01_00004714.jpg,trolley2,1010.0,1018.0,1010.0,1019.0,9.0,0.5009082659620341,255.0,227.125,46.78125,0.0027884065046019425,,,0.1593017578125,0.1593017578125,0.0009312629699707031,,0.0,0.0
126,126435,34,39.675832,Musashino_007_IchikawaOhno-FunabashiHoten_up_20240410_day,HD21,2024_0041_HD21_01_00004714.jpg,trolley2,1010.0,1019.0,1010.0,1019.0,9.0,0.5009082659620341,255.0,227.875,45.6875,0.004883652864722568,,,0.1593017578125,0.1593017578125,0.0009312629699707031,,0.0,0.0
126,126436,34,39.675834,Musashino_007_IchikawaOhno-FunabashiHoten_up_20240410_day,HD21,2024_0041_HD21_01_00004714.jpg,trolley2,1010.0,1019.0,1010.0,1019.0,9.0,0.5009082659620341,255.0,229.0,44.15625,0.006738656246262637,,,0.1593017578125,0.1593017578125,0.0009312629699707031,,0.0,0.0
126,126437,34,39.675836000000004,Musashino_007_IchikawaOhno-FunabashiHoten_up_20240410_day,HD21,2024_0041_HD21_01_00004714.jpg,trolley2,1010.0,1019.0,1010.0,1019.0,9.0,0.5009082659620341,255.0,230.125,42.9375,0.008367749847677068,,,0.1593017578125,0.1593017578125,0.0009312629699707031,,0.0,0.0
126,126438,34,39.675838,Musashino_007_IchikawaOhno-FunabashiHoten_up_20240410_day,HD21,2024_0041_HD21_01_00004714.jpg,trolley2,1010.0,1019.0,1010.0,1019.0,9.0,0.5009082659620341,254.0,229.875,42.6875,0.009785042245546056,,,0.1593017578125,0.1593017578125,0.0009312629699707031,,0.0,0.0
126,126439,34,39.67584,Musashino_007_IchikawaOhno-FunabashiHoten_up_20240410_day,HD21,2024_0041_HD21_01_00004714.jpg,trolley2,1010.0,1019.0,1010.0,1019.0,9.0,0.5009082659620341,255.0,229.25,43.21875,0.011004363091455032,,,0.1593017578125,0.1593017578125,0.0009312629699707031,,0.0,0.0
126,126440,34,39.675842,Musashino_007_IchikawaOhno-FunabashiHoten_up_20240410_day,HD21,2024_0041_HD21_01_00004714.jpg,trolley2,1010.0,1019.0,1010.0,1019.0,9.0,0.5009082659620341,255.0,228.0,44.96875,0.012039215868914297,,,0.1593017578125,0.1593017578125,0.0009312629699707031,,0.0,0.0
126,126441,34,39.675844,Musashino_007_IchikawaOhno-FunabashiHoten_up_20240410_day,HD21,2024_0041_HD21_01_00004714.jpg,trolley2,1010.0,1019.0,1010.0,1019.0,9.0,0.5009082659620341,255.0,229.75,43.4375,0.012902737249331797,,,0.1593017578125,0.1593017578125,0.0009312629699707031,,0.0,0.0
126,126442,34,39.675846,Musashino_007_IchikawaOhno-FunabashiHoten_up_20240410_day,HD21,2024_0041_HD21_01_00004714.jpg,trolley2,1010.0,1019.0,1010.0,1019.0,9.0,0.5009082659620341,255.0,229.75,42.90625,0.013607662596919331,,,0.1593017578125,0.1593017578125,0.0009312629699707031,,0.0,0.0
126,126443,34,39.675848,Musashino_007_IchikawaOhno-FunabashiHoten_up_20240410_day,HD21,2024_0041_HD21_01_00004714.jpg,trolley2,1010.0,1019.0,1010.0,1019.0,9.0,0.5009082659620341,250.0,228.25,42.84375,0.01416629718464685,,,0.1593017578125,0.1593017578125,0.0009312629699707031,,0.0,0.0
126,126444,34,39.675850000000004,Musashino_007_IchikawaOhno-FunabashiHoten_up_20240410_day,HD21,2024_0041_HD21_01_00004714.jpg,trolley2,1010.0,1019.0,1010.0,1019.0,9.0,0.5009082659620341,253.0,227.625,43.96875,0.014590492696731556,,,0.1593017578125,0.1593017578125,0.0009312629699707031,,0.0,0.0
126,126445,34,39.675852,Musashino_007_IchikawaOhno-FunabashiHoten_up_20240410_day,HD21,2024_0041_HD21_01_00004714.jpg,trolley2,1010.0,1019.0,1010.0,1019.0,9.0,0.5009082659620341,255.0,226.5,44.78125,0.014891628607484072,,,0.1593017578125,0.1593017578125,0.0009312629699707031,,0.0,0.0
126,126446,34,39.675854,Musashino_007_IchikawaOhno-FunabashiHoten_up_20240410_day,HD21,2024_0041_HD21_01_00004714.jpg,trolley2,1010.0,1019.0,1010.0,1019.0,9.0,0.5009082659620341,253.0,227.125,43.625,0.015080598041458237,,,0.1593017578125,0.1593017578125,0.0009312629699707031,,0.0,0.0
126,126447,34,39.675856,Musashino_007_IchikawaOhno-FunabashiHoten_up_20240410_day,HD21,2024_0041_HD21_01_00004714.jpg,trolley2,1010.0,1019.0,1010.0,1019.0,9.0,0.5009082659620341,255.0,231.25,42.625,0.015167797735588436,,,0.1593017578125,0.1593017578125,0.0009312629699707031,,0.0,0.0
126,126448,34,39.675858,Musashino_007_IchikawaOhno-FunabashiHoten_up_20240410_day,HD21,2024_0041_HD21_01_00004714.jpg,trolley2,1011.0,1019.0,1010.0,1019.0,9.0,0.5009082659620341,255.0,226.375,43.40625,0.01789882997527312,,,0.1593017578125,0.1593017578125,0.0009312629699707031,,0.0,0.0
126,126449,34,39.67586,Musashino_007_IchikawaOhno-FunabashiHoten_up_20240410_day,HD21,2024_0041_HD21_01_00004714.jpg,trolley2,1010.0,1019.0,1010.0,1019.0,9.0,0.5009082659620341,253.0,225.0,42.0625,0.01751790784496219,,,0.1593017578125,0.1593017578125,0.0009312629699707031,,0.0,0.0
126,126450,34,39.675862,Musashino_007_IchikawaOhno-FunabashiHoten_up_20240410_day,HD21,2024_0041_HD21_01_00004714.jpg,trolley2,1010.0,1019.0,1010.0,1019.0,9.0,0.5009082659620341,252.0,228.875,41.40625,0.01707995697828974,,,0.1593017578125,0.1593017578125,0.0009312629699707031,,0.0,0.0
126,126451,34,39.675864000000004,Musashino_007_IchikawaOhno-FunabashiHoten_up_20240410_day,HD21,2024_0041_HD21_01_00004714.jpg,trolley2,1011.0,1019.0,1010.0,1019.0,9.0,0.5009082659620341,255.0,227.0,42.59375,0.019328893509469695,,,0.1593017578125,0.1593017578125,0.0009312629699707031,,0.0,0.0
126,126452,34,39.675866,Musashino_007_IchikawaOhno-FunabashiHoten_up_20240410_day,HD21,2024_0041_HD21_01_00004714.jpg,trolley2,1011.0,1019.0,1010.0,1019.0,9.0,0.5009082659620341,255.0,225.125,43.34375,0.021242888868190916,,,0.1593017578125,0.1593017578125,0.0009312629699707031,,0.0,0.0
126,126453,34,39.675868,Musashino_007_IchikawaOhno-FunabashiHoten_up_20240410_day,HD21,2024_0041_HD21_01_00004714.jpg,trolley2,1010.0,1019.0,1010.0,1019.0,9.0,0.5009082659620341,252.0,226.875,43.3125,0.020109895756852063,,,0.1593017578125,0.1593017578125,0.0009312629699707031,,0.0,0.0
126,126454,34,39.67587,Musashino_007_IchikawaOhno-FunabashiHoten_up_20240410_day,HD21,2024_0041_HD21_01_00004714.jpg,trolley2,1010.0,1019.0,1010.0,1019.0,9.0,0.5009082659620341,255.0,224.125,44.40625,0.018982334154181213,,,0.1593017578125,0.1593017578125,0.0009312629699707031,,0.0,0.0
126,126455,34,39.675872,Musashino_007_IchikawaOhno-FunabashiHoten_up_20240410_day,HD21,2024_0041_HD21_01_00004714.jpg,trolley2,1011.0,1019.0,1010.0,1019.0,9.0,0.5009082659620341,255.0,223.875,45.78125,0.020601528139887512,,,0.1593017578125,0.1593017578125,0.0009312629699707031,,0.0,0.0
126,126456,34,39.675874,Musashino_007_IchikawaOhno-FunabashiHoten_up_20240410_day,HD21,2024_0041_HD21_01_00004714.jpg,trolley2,1011.0,1019.0,1010.0,1019.0,9.0,0.5009082659620341,255.0,224.0,44.28125,0.021942993676583696,,,0.1593017578125,0.1593017578125,0.0009312629699707031,,0.0,0.0
126,126457,34,39.675876,Musashino_007_IchikawaOhno-FunabashiHoten_up_20240410_day,HD21,2024_0041_HD21_01_00004714.jpg,trolley2,1010.0,1019.0,1010.0,1019.0,9.0,0.5009082659620341,254.0,225.0,43.5,0.020291985578437814,,,0.1593017578125,0.1593017578125,0.0009312629699707031,,0.0,0.0
126,126458,34,39.675878,Musashino_007_IchikawaOhno-FunabashiHoten_up_20240410_day,HD21,2024_0041_HD21_01_00004714.jpg,trolley2,1010.0,1019.0,1010.0,1019.0,9.0,0.5009082659620341,255.0,227.625,41.53125,0.01869820259912027,,,0.1593017578125,0.1593017578125,0.0009312629699707031,,0.0,0.0
126,126459,34,39.67588,Musashino_007_IchikawaOhno-FunabashiHoten_up_20240410_day,HD21,2024_0041_HD21_01_00004714.jpg,trolley2,1010.0,1019.0,1010.0,1019.0,9.0,0.5009082659620341,255.0,229.625,39.625,0.01716453328855624,,,0.1593017578125,0.1593017578125,0.0009312629699707031,,0.0,0.0
126,126460,34,39.675882,Musashino_007_IchikawaOhno-FunabashiHoten_up_20240410_day,HD21,2024_0041_HD21_01_00004714.jpg,trolley2,1010.0,1019.0,1010.0,1019.0,9.0,0.5009082659620341,251.0,230.0,39.625,0.015693242923251385,,,0.1593017578125,0.1591796875,0.0009312629699707031,,0.0,0.0
126,126461,34,39.675884,Musashino_007_IchikawaOhno-FunabashiHoten_up_20240410_day,HD21,2024_0041_HD21_01_00004714.jpg,trolley2,1011.0,1019.0,1010.0,1019.0,9.0,0.5009082659620341,254.0,228.375,41.90625,0.01702173286366751,,,0.1593017578125,0.1591796875,0.0009312629699707031,,0.0,0.0
126,126462,34,39.675886,Musashino_007_IchikawaOhno-FunabashiHoten_up_20240410_day,HD21,2024_0041_HD21_01_00004714.jpg,trolley2,1011.0,1019.0,1010.0,1019.0,9.0,0.5009082659620341,255.0,225.5,44.75,0.018121705989543584,,,0.1593017578125,0.1591796875,0.0009312629699707031,,0.0,0.0
126,126463,34,39.675888,Musashino_007_IchikawaOhno-FunabashiHoten_up_20240410_day,HD21,2024_0041_HD21_01_00004714.jpg,trolley2,1011.0,1019.0,1010.0,1019.0,9.0,0.5009082659620341,254.0,223.75,45.90625,0.01901043159374904,,,0.1593017578125,0.1591796875,0.0009312629699707031,,0.0,0.0
126,126464,34,39.67589,Musashino_007_IchikawaOhno-FunabashiHoten_up_20240410_day,HD21,2024_0041_HD21_01_00004714.jpg,trolley2,1010.0,1019.0,1010.0,1019.0,9.0,0.5009082659620341,255.0,225.25,43.71875,0.016968866677221292,,,0.1593017578125,0.1591796875,0.0009312629699707031,,0.0,0.0
126,126465,34,39.675892,Musashino_007_IchikawaOhno-FunabashiHoten_up_20240410_day,HD21,2024_0041_HD21_01_00004714.jpg,trolley2,1011.0,1019.0,1010.0,1019.0,9.0,0.5009082659620341,251.0,226.5,43.25,0.01777821816753557,,,0.1593017578125,0.1591796875,0.0009312629699707031,,0.0,0.0
126,126466,34,39.675894,Musashino_007_IchikawaOhno-FunabashiHoten_up_20240410_day,HD21,2024_0041_HD21_01_00004714.jpg,trolley2,1010.0,1019.0,1010.0,1019.0,9.0,0.5009082659620341,255.0,230.375,41.53125,0.015672109951460636,,,0.1593017578125,0.1591796875,0.0009312629699707031,,0.0,0.0
126,126467,34,39.675896,Musashino_007_IchikawaOhno-FunabashiHoten_up_20240410_day,HD21,2024_0041_HD21_01_00004714.jpg,trolley2,1011.0,1019.0,1010.0,1019.0,9.0,0.5009082659620341,255.0,227.75,43.65625,0.016430590720410587,,,0.1593017578125,0.1591796875,0.0009312629699707031,,0.0,0.0
126,126468,34,39.675898000000004,Musashino_007_IchikawaOhno-FunabashiHoten_up_20240410_day,HD21,2024_0041_HD21_01_00004714.jpg,trolley2,1010.0,1019.0,1010.0,1019.0,9.0,0.5009082659620341,255.0,231.75,40.40625,0.014286169350216425,,,0.1593017578125,0.1591796875,0.0009312629699707031,,0.0,0.0
126,126469,34,39.6759,Musashino_007_IchikawaOhno-FunabashiHoten_up_20240410_day,HD21,2024_0041_HD21_01_00004714.jpg,trolley2,1011.0,1019.0,1010.0,1019.0,9.0,0.5009082659620341,251.0,227.75,41.75,0.015017824442269527,,,0.1593017578125,0.1591796875,0.0009312629699707031,,0.0,0.0
126,126470,34,39.675902,Musashino_007_IchikawaOhno-FunabashiHoten_up_20240410_day,HD21,2024_0041_HD21_01_00004714.jpg,trolley2,1010.0,1019.0,1010.0,1019.0,9.0,0.5009082659620341,255.0,228.75,41.34375,0.012857040980400126,,,0.1593017578125,0.1591796875,0.0009312629699707031,,0.0,0.0
126,126471,34,39.675904,Musashino_007_IchikawaOhno-FunabashiHoten_up_20240410_day,HD21,2024_0041_HD21_01_00004714.jpg,trolley2,1011.0,1019.0,1010.0,1019.0,9.0,0.5009082659620341,253.0,227.25,42.6875,0.013581820766205984,,,0.1593017578125,0.1591796875,0.0009312629699707031,,0.0,0.0
126,126472,34,39.675906,Musashino_007_IchikawaOhno-FunabashiHoten_up_20240410_day,HD21,2024_0041_HD21_01_00004714.jpg,trolley2,1011.0,1019.0,1010.0,1019.0,9.0,0.5009082659620341,255.0,228.25,42.0,0.014158427856401291,,,0.1593017578125,0.1591796875,0.0009312629699707031,,0.0,0.0
126,126473,34,39.675908,Musashino_007_IchikawaOhno-FunabashiHoten_up_20240410_day,HD21,2024_0041_HD21_01_00004714.jpg,trolley2,1011.0,1019.0,1010.0,1019.0,9.0,0.5009082659620341,255.0,228.25,41.3125,0.014598807384567966,,,0.1593017578125,0.1591796875,0.0009312629699707031,,0.0,0.0
126,126474,34,39.67591,Musashino_007_IchikawaOhno-FunabashiHoten_up_20240410_day,HD21,2024_0041_HD21_01_00004714.jpg,trolley2,1011.0,1019.0,1010.0,1019.0,9.0,0.5009082659620341,252.0,226.375,42.6875,0.01491443253669243,,,0.1593017578125,0.1591796875,0.0009312629699707031,,0.0,0.0
126,126475,34,39.675912000000004,Musashino_007_IchikawaOhno-FunabashiHoten_up_20240410_day,HD21,2024_0041_HD21_01_00004714.jpg,trolley2,1011.0,1019.0,1011.0,1019.0,8.0,0.5016135580465928,255.0,238.375,33.8125,0.015116289871848538,,,0.1591796875,0.1591796875,0.0009312629699707031,,0.0,0.0
126,126476,34,39.675914,Musashino_007_IchikawaOhno-FunabashiHoten_up_20240410_day,HD21,2024_0041_HD21_01_00004714.jpg,trolley2,1011.0,1019.0,1011.0,1019.0,8.0,0.5021167315686791,253.0,235.75,35.03125,0.015214868801358436,,,0.1591796875,0.1591796875,0.0009312629699707031,,0.0,0.0
126,126477,34,39.675916,Musashino_007_IchikawaOhno-FunabashiHoten_up_20240410_day,HD21,2024_0041_HD21_01_00004714.jpg,trolley2,1011.0,1019.0,1011.0,1019.0,8.0,0.5024183937956921,255.0,237.375,34.34375,0.015220154860215458,,,0.1591796875,0.1591796875,0.0009312629699707031,,0.0,0.0
126,126478,34,39.675918,Musashino_007_IchikawaOhno-FunabashiHoten_up_20240410_day,HD21,2024_0041_HD21_01_00004714.jpg,trolley2,1011.0,1019.0,1011.0,1019.0,8.0,0.5024183937956921,254.0,235.875,35.0,0.015141626421119011,,,0.1591796875,0.1591796875,0.0009312629699707031,,0.0,0.0
126,126479,34,39.67592,Musashino_007_IchikawaOhno-FunabashiHoten_up_20240410_day,HD21,2024_0041_HD21_01_00004714.jpg,trolley2,1011.0,1019.0,1011.0,1019.0,8.0,0.5024183937956921,255.0,235.5,35.53125,0.014988254518273627,,,0.1591796875,0.1591796875,0.0009312629699707031,,0.0,0.0
126,126480,34,39.675922,Musashino_007_IchikawaOhno-FunabashiHoten_up_20240410_day,HD21,2024_0041_HD21_01_00004714.jpg,trolley2,1010.0,1019.0,1011.0,1019.0,8.0,0.5024183937956921,253.0,235.375,35.75,0.012032797229937634,,,0.1591796875,0.1591796875,0.0009312629699707031,,0.0,0.0
126,126481,34,39.675924,Musashino_007_IchikawaOhno-FunabashiHoten_up_20240410_day,HD21,2024_0041_HD21_01_00004714.jpg,trolley2,1011.0,1019.0,1011.0,1019.0,8.0,0.5024183937956921,254.0,237.0,32.75,0.012048396633575808,,,0.1591796875,0.1591796875,0.0009312629699707031,,0.0,0.0
126,126482,34,39.675926000000004,Musashino_007_IchikawaOhno-FunabashiHoten_up_20240410_day,HD21,2024_0041_HD21_01_00004714.jpg,trolley2,1011.0,1019.0,1011.0,1019.0,8.0,0.5024183937956921,255.0,233.125,36.53125,0.01199648453656141,,,0.1591796875,0.1591796875,0.0009312629699707031,,0.0,0.0
126,126483,34,39.675928,Musashino_007_IchikawaOhno-FunabashiHoten_up_20240410_day,HD21,2024_0041_HD21_01_00004714.jpg,trolley2,1011.0,1019.0,1011.0,1019.0,8.0,0.5024183937956921,255.0,230.375,39.53125,0.011884224937271684,,,0.1591796875,0.1591796875,0.0009312629699707031,,0.0,0.0
126,126484,34,39.67593,Musashino_007_IchikawaOhno-FunabashiHoten_up_20240410_day,HD21,2024_0041_HD21_01_00004714.jpg,trolley2,1011.0,1019.0,1011.0,1019.0,8.0,0.5024183937956921,255.0,233.625,35.65625,0.011718381951266926,,,0.1591796875,0.1591796875,0.0009312629699707031,,0.0,0.0
126,126485,34,39.675932,Musashino_007_IchikawaOhno-FunabashiHoten_up_20240410_day,HD21,2024_0041_HD21_01_00004714.jpg,trolley2,1011.0,1019.0,1011.0,1020.0,9.0,0.5021167315686791,255.0,220.75,55.28125,0.01150532355327555,,,0.1591796875,0.1591796875,0.0009312629699707031,,0.0,0.0
126,126486,34,39.675934,Musashino_007_IchikawaOhno-FunabashiHoten_up_20240410_day,HD21,2024_0041_HD21_01_00004714.jpg,trolley2,1011.0,1019.0,1011.0,1020.0,9.0,0.5016135580465928,254.0,220.0,57.09375,0.011251027105294714,,,0.1591796875,0.1591796875,0.0009312629699707031,,0.0,0.0
126,126487,34,39.675936,Musashino_007_IchikawaOhno-FunabashiHoten_up_20240410_day,HD21,2024_0041_HD21_01_00004714.jpg,trolley2,1011.0,1019.0,1011.0,1020.0,9.0,0.5009082659620341,254.0,222.125,55.28125,0.010961086458535716,,,0.1591796875,0.1591796875,0.0009312629699707031,,0.0,0.0
126,126488,34,39.675938,Musashino_007_IchikawaOhno-FunabashiHoten_up_20240410_day,HD21,2024_0041_HD21_01_00004714.jpg,trolley2,1011.0,1019.0,1011.0,1020.0,9.0,0.500000000000001,253.0,224.25,54.03125,0.010640720429973587,,,0.1591796875,0.1591796875,0.0009312629699707031,,0.0,0.0
126,126489,34,39.675940000000004,Musashino_007_IchikawaOhno-FunabashiHoten_up_20240410_day,HD21,2024_0041_HD21_01_00004714.jpg,trolley2,1011.0,1019.0,1011.0,1020.0,9.0,0.49888765156986004,252.0,222.875,53.15625,0.010294782467035236,,,0.1591796875,0.1591796875,0.0009312629699707031,,0.0,0.0
126,126490,34,39.675942,Musashino_007_IchikawaOhno-FunabashiHoten_up_20240410_day,HD21,2024_0041_HD21_01_00004714.jpg,trolley2,1011.0,1019.0,1011.0,1020.0,9.0,0.49756985195624426,254.0,219.75,56.5,0.009927771326466063,,,0.1591796875,0.1591796875,0.0009312629699707031,,0.0,0.0
126,126491,34,39.675944,Musashino_007_IchikawaOhno-FunabashiHoten_up_20240410_day,HD21,2024_0041_HD21_01_00004714.jpg,trolley2,1011.0,1019.0,1011.0,1020.0,9.0,0.4960449637488596,254.0,221.875,53.53125,0.009543842605595172,,,0.1591796875,0.1591796875,0.0009312629699707031,,0.0,0.0
126,126492,34,39.675946,Musashino_007_IchikawaOhno-FunabashiHoten_up_20240410_day,HD21,2024_0041_HD21_01_00004714.jpg,trolley2,1011.0,1019.0,1011.0,1020.0,9.0,0.4943110704237118,252.0,219.25,55.96875,0.009146820976041917,,,0.1591796875,0.1591796875,0.0009312629699707031,,0.0,0.0
126,126493,34,39.675948,Musashino_007_IchikawaOhno-FunabashiHoten_up_20240410_day,HD21,2024_0041_HD21_01_00004714.jpg,trolley2,1011.0,1019.0,1011.0,1020.0,9.0,0.49236596391733256,255.0,223.375,51.625,0.008740212981338142,,,0.1591796875,0.1591796875,0.0009312629699707031,,0.0,0.0
126,126494,34,39.67595,Musashino_007_IchikawaOhno-FunabashiHoten_up_20240410_day,HD21,2024_0041_HD21_01_00004714.jpg,trolley2,1011.0,1019.0,1011.0,1020.0,9.0,0.490207130000199,255.0,223.25,53.375,0.008327220270983319,,,0.1591796875,0.1591796875,0.0009312629699707031,,0.0,0.0
126,126495,34,39.675952,Musashino_007_IchikawaOhno-FunabashiHoten_up_20240410_day,HD21,2024_0041_HD21_01_00004714.jpg,trolley2,1011.0,1019.0,1011.0,1020.0,9.0,0.4878317312145652,254.0,224.125,52.0625,0.007910753154044216,,,0.1591796875,0.1591796875,0.0009312629699707031,,0.0,0.0
126,126496,34,39.675954,Musashino_007_IchikawaOhno-FunabashiHoten_up_20240410_day,HD21,2024_0041_HD21_01_00004714.jpg,trolley2,1011.0,1019.0,1011.0,1020.0,9.0,0.4852365870939117,255.0,224.0,53.03125,0.007493444365578636,,,0.1591796875,0.1591796875,0.0009312629699707031,,0.0,0.0
126,126497,34,39.675956,Musashino_007_IchikawaOhno-FunabashiHoten_up_20240410_day,HD21,2024_0041_HD21_01_00004714.jpg,trolley2,1011.0,1019.0,1011.0,1020.0,9.0,0.4824181513244239,255.0,224.0,53.1875,0.007077662948872708,,,0.1591796875,0.1591796875,0.0009312629699707031,,0.0,0.0
126,126498,34,39.675958,Musashino_007_IchikawaOhno-FunabashiHoten_up_20240410_day,HD21,2024_0041_HD21_01_00004714.jpg,trolley2,1011.0,1019.0,1011.0,1020.0,9.0,0.47937248544110445,255.0,224.25,53.25,0.006665528165733498,,,0.1591796875,0.1591796875,0.0009312629699707031,,0.0,0.0
126,126499,34,39.67596,Musashino_007_IchikawaOhno-FunabashiHoten_up_20240410_day,HD21,2024_0041_HD21_01_00004714.jpg,trolley2,1011.0,1019.0,1011.0,1020.0,9.0,0.47609522856952563,255.0,225.5,52.15625,0.006258923355869561,,,0.1591796875,0.1591796875,0.0009312629699707031,,0.0,0.0
126,126500,34,39.675962,Musashino_007_IchikawaOhno-FunabashiHoten_up_20240410_day,HD21,2024_0041_HD21_01_00004714.jpg,trolley2,1011.0,1019.0,1011.0,1020.0,9.0,0.4725815626252633,255.0,224.75,51.9375,0.005859509674717578,,,0.1591796875,0.1591796875,0.0009312629699707031,,0.0,0.0
126,126501,34,39.675964,Musashino_007_IchikawaOhno-FunabashiHoten_up_20240410_day,HD21,2024_0041_HD21_01_00004714.jpg,trolley2,1011.0,1019.0,1011.0,1020.0,9.0,0.4688261722621533,255.0,221.5,53.53125,0.005468739646935954,,,0.1591796875,0.1591796875,0.0009312629699707031,,0.0,0.0
126,126502,34,39.675966,Musashino_007_IchikawaOhno-FunabashiHoten_up_20240410_day,HD21,2024_0041_HD21_01_00004714.jpg,trolley2,1011.0,1019.0,1011.0,1020.0,9.0,0.4648231987117345,255.0,222.0,52.28125,0.005087870480193381,,,0.1591796875,0.1591796875,0.0009312629699707031,,0.0,0.0
126,126503,34,39.675968,Musashino_007_IchikawaOhno-FunabashiHoten_up_20240410_day,HD21,2024_0041_HD21_01_00004714.jpg,trolley2,1011.0,1019.0,1011.0,1020.0,9.0,0.4605661864718411,255.0,227.375,48.8125,0.004717977090837133,,,0.1591796875,0.1591796875,0.0009312629699707031,,0.0,0.0
126,126504,34,39.67597,Musashino_007_IchikawaOhno-FunabashiHoten_up_20240410_day,HD21,2024_0041_HD21_01_00004714.jpg,trolley2,1011.0,1019.0,1011.0,1020.0,9.0,0.45604802157207164,254.0,225.5,49.65625,0.004359964799531934,,,0.1591796875,0.1591796875,0.0009312629699707031,,0.0,0.0
126,126505,34,39.675972,Musashino_007_IchikawaOhno-FunabashiHoten_up_20240410_day,HD21,2024_0041_HD21_01_00004714.jpg,trolley2,1011.0,1019.0,1011.0,1020.0,9.0,0.4512608598542161,255.0,226.0,49.78125,0.004014581661039983,,,0.1591796875,0.1591796875,0.0009312629699707031,,0.0,0.0
126,126506,34,39.675974000000004,Musashino_007_IchikawaOhno-FunabashiHoten_up_20240410_day,HD21,2024_0041_HD21_01_00004714.jpg,trolley2,1011.0,1019.0,1011.0,1020.0,9.0,0.44619604333847696,255.0,226.875,49.59375,0.0036824303979625683,,,0.1591796875,0.1591796875,0.0009312629699707031,,0.0,0.0
126,126507,34,39.675976,Musashino_007_IchikawaOhno-FunabashiHoten_up_20240410_day,HD21,2024_0041_HD21_01_00004714.jpg,trolley2,1011.0,1019.0,1011.0,1020.0,9.0,0.4408440022768115,255.0,227.875,49.1875,0.0033639799135130083,,,0.1591796875,0.1591796875,0.0009312629699707031,,0.0,0.0
126,126508,34,39.675978,Musashino_007_IchikawaOhno-FunabashiHoten_up_20240410_day,HD21,2024_0041_HD21_01_00004714.jpg,trolley2,1011.0,1019.0,1011.0,1020.0,9.0,0.4351941398892482,255.0,227.625,49.15625,0.003059576363224133,,,0.1591796875,0.1591796875,0.0009312629699707031,,0.0,0.0
126,126509,34,39.67598,Musashino_007_IchikawaOhno-FunabashiHoten_up_20240410_day,HD21,2024_0041_HD21_01_00004714.jpg,trolley2,1011.0,1019.0,1011.0,1020.0,9.0,0.4292346959909316,254.0,226.25,49.21875,0.0027694537699655786,,,0.1591796875,0.1591796875,0.0009312629699707031,,0.0,0.0
126,126510,34,39.675982,Musashino_007_IchikawaOhno-FunabashiHoten_up_20240410_day,HD21,2024_0041_HD21_01_00004714.jpg,trolley2,1011.0,1019.0,1011.0,1020.0,9.0,0.42295258468165464,255.0,225.25,49.59375,0.002493744170727613,,,0.1591796875,0.1591796875,0.0009312629699707031,,0.0,0.0
126,126511,34,39.675984,Musashino_007_IchikawaOhno-FunabashiHoten_up_20240410_day,HD21,2024_0041_HD21_01_00004714.jpg,trolley2,1011.0,1019.0,1011.0,1020.0,9.0,0.4163331998932307,255.0,224.75,49.34375,0.0022324872873749906,,,0.1591796875,0.1591796875,0.0009312629699707031,,0.0,0.0
126,126512,34,39.675986,Musashino_007_IchikawaOhno-FunabashiHoten_up_20240410_day,HD21,2024_0041_HD21_01_00004714.jpg,trolley2,1011.0,1019.0,1011.0,1020.0,9.0,0.4093601807403367,255.0,223.5,48.21875,0.001985639716966567,,,0.1591796875,0.1591796875,0.0009312629699707031,,0.0,0.0
126,126513,34,39.675988000000004,Musashino_007_IchikawaOhno-FunabashiHoten_up_20240410_day,HD21,2024_0041_HD21_01_00004714.jpg,trolley2,1011.0,1019.0,1011.0,1020.0,9.0,0.40201512610368934,255.0,222.375,47.0,0.0017530836403185542,,,0.1591796875,0.1591796875,0.0009312629699707031,,0.0,0.0
126,126514,34,39.67599,Musashino_007_IchikawaOhno-FunabashiHoten_up_20240410_day,HD21,2024_0041_HD21_01_00004714.jpg,trolley2,1011.0,1019.0,1011.0,1020.0,9.0,0.3942772444036673,251.0,218.0,49.96875,0.0015346350502570124,,,0.1591796875,0.1591796875,0.0009312629699707031,,0.0,0.0
126,126515,34,39.675992,Musashino_007_IchikawaOhno-FunabashiHoten_up_20240410_day,HD21,2024_0041_HD21_01_00004714.jpg,trolley2,1011.0,1019.0,1011.0,1020.0,9.0,0.38612291966537404,254.0,210.25,54.5,0.0013300515034861203,,,0.1591796875,0.1591796875,0.0009312629699707031,,0.0,0.0
126,126516,34,39.675994,Musashino_007_IchikawaOhno-FunabashiHoten_up_20240410_day,HD21,2024_0041_HD21_01_00004714.jpg,trolley2,1011.0,1019.0,1011.0,1020.0,9.0,0.37752516806864206,255.0,212.625,52.03125,0.0011390394022085422,,,0.1591796875,0.1591796875,0.0009312629699707031,,0.0,0.0
126,126517,34,39.675996,Musashino_007_IchikawaOhno-FunabashiHoten_up_20240410_day,HD21,2024_0041_HD21_01_00004714.jpg,trolley2,1011.0,1019.0,1011.0,1020.0,9.0,0.3684529491774761,255.0,219.0,50.875,0.0009612608135764755,,,0.1591796875,0.1591796875,0.0009312629699707031,,0.0,0.0
126,126518,34,39.675998,Musashino_007_IchikawaOhno-FunabashiHoten_up_20240410_day,HD21,2024_0041_HD21_01_00004714.jpg,trolley2,1011.0,1019.0,1011.0,1020.0,9.0,0.3588702812826424,255.0,217.875,52.96875,0.0007963398367622316,,,0.1591796875,0.1591796875,0.0009312629699707031,,0.0,0.0
126,126519,34,39.676,Musashino_007_IchikawaOhno-FunabashiHoten_up_20240410_day,HD21,2024_0041_HD21_01_00004714.jpg,trolley2,1011.0,1019.0,1011.0,1019.0,8.0,0.3588702812826424,253.0,233.875,32.4375,0.0006438685289120401,,,0.1591796875,0.1591796875,0.0009312629699707031,,0.0,0.0
126,126520,34,39.676002000000004,Musashino_007_IchikawaOhno-FunabashiHoten_up_20240410_day,HD21,2024_0041_HD21_01_00004714.jpg,trolley2,1011.0,1019.0,1011.0,1019.0,8.0,0.3588702812826424,255.0,237.875,28.578125,0.00050341240250947,,,0.1591796875,0.1591796875,0.0009312629699707031,,0.0,0.0
126,126521,34,39.676004,Musashino_007_IchikawaOhno-FunabashiHoten_up_20240410_day,HD21,2024_0041_HD21_01_00004714.jpg,trolley2,1011.0,1019.0,1011.0,1019.0,8.0,0.3588702812826424,249.0,237.625,28.359375,0.00037451550775440456,,,0.1591796875,0.1591796875,0.0009312629699707031,,0.0,0.0
126,126522,34,39.676006,Musashino_007_IchikawaOhno-FunabashiHoten_up_20240410_day,HD21,2024_0041_HD21_01_00004714.jpg,trolley2,1011.0,1019.0,1011.0,1019.0,8.0,0.3588702812826424,255.0,237.5,29.421875,0.00025670511443340083,,,0.1591796875,0.1591796875,0.0009312629699707031,,0.0,0.0
126,126523,34,39.676008,Musashino_007_IchikawaOhno-FunabashiHoten_up_20240410_day,HD21,2024_0041_HD21_01_00004714.jpg,trolley2,1011.0,1019.0,1011.0,1019.0,8.0,0.3588702812826424,254.0,230.75,34.75,0.00014949600848224772,,,0.1591796875,0.1591796875,0.0009312629699707031,,0.0,0.0
126,126524,34,39.67601,Musashino_007_IchikawaOhno-FunabashiHoten_up_20240410_day,HD21,2024_0041_HD21_01_00004714.jpg,trolley2,1011.0,1019.0,1011.0,1019.0,8.0,0.3684529491774761,254.0,238.75,27.8125,5.239441900011252e-05,,,0.1591796875,0.1591796875,0.0009312629699707031,,0.0,0.0
126,126525,34,39.676012,Musashino_007_IchikawaOhno-FunabashiHoten_up_20240410_day,HD21,2024_0041_HD21_01_00004714.jpg,trolley2,1011.0,1019.0,1011.0,1019.0,8.0,0.37752516806864206,254.0,235.375,30.171875,-3.509840811417297e-05,,,0.1591796875,0.1591796875,0.0009312629699707031,,0.0,0.0
126,126526,34,39.676014,Musashino_007_IchikawaOhno-FunabashiHoten_up_20240410_day,HD21,2024_0041_HD21_01_00004714.jpg,trolley2,1012.0,1019.0,1011.0,1020.0,9.0,0.37752516806864206,255.0,217.875,46.21875,0.0026222252616233273,,,0.1591796875,0.1591796875,0.0009312629699707031,,0.0,0.0
126,126527,34,39.676016000000004,Musashino_007_IchikawaOhno-FunabashiHoten_up_20240410_day,HD21,2024_0041_HD21_01_00004714.jpg,trolley2,1012.0,1020.0,1011.0,1020.0,9.0,0.37752516806864206,254.0,217.5,46.125,0.007730107195084733,,,0.1591796875,0.1591796875,0.0009312629699707031,,0.0,0.0
126,126528,34,39.676018,Musashino_007_IchikawaOhno-FunabashiHoten_up_20240410_day,HD21,2024_0041_HD21_01_00004714.jpg,trolley2,1012.0,1019.0,1011.0,1020.0,9.0,0.37752516806864206,253.0,222.875,45.28125,0.009539451948167169,,,0.1591796875,0.1590576171875,0.0009312629699707031,,0.0,0.0
126,126529,34,39.67602,Musashino_007_IchikawaOhno-FunabashiHoten_up_20240410_day,HD21,2024_0041_HD21_01_00004714.jpg,trolley2,1011.0,1019.0,1011.0,1020.0,9.0,0.37752516806864206,255.0,225.0,45.84375,0.0083765073483138,,,0.1591796875,0.1590576171875,0.0009312629699707031,,0.0,0.0
126,126530,34,39.676022,Musashino_007_IchikawaOhno-FunabashiHoten_up_20240410_day,HD21,2024_0041_HD21_01_00004714.jpg,trolley2,1011.0,1019.0,1011.0,1020.0,9.0,0.37752516806864206,255.0,224.75,45.96875,0.007286244809635353,,,0.1591796875,0.1590576171875,0.0009312629699707031,,0.0,0.0
126,126531,34,39.676024,Musashino_007_IchikawaOhno-FunabashiHoten_up_20240410_day,HD21,2024_0041_HD21_01_00004714.jpg,trolley2,1011.0,1020.0,1011.0,1020.0,9.0,0.37752516806864206,253.0,223.25,45.46875,0.009002930960170845,,,0.1591796875,0.1590576171875,0.0009312629699707031,,0.0,0.0
126,126532,34,39.676026,Musashino_007_IchikawaOhno-FunabashiHoten_up_20240410_day,HD21,2024_0041_HD21_01_00004714.jpg,trolley2,1011.0,1020.0,1011.0,1020.0,9.0,0.37752516806864206,254.0,223.75,45.4375,0.010495414180507942,,,0.1591796875,0.1590576171875,0.0009312629699707031,,0.0,0.0
126,126533,34,39.676028,Musashino_007_IchikawaOhno-FunabashiHoten_up_20240410_day,HD21,2024_0041_HD21_01_00004714.jpg,trolley2,1011.0,1020.0,1011.0,1020.0,9.0,0.37752516806864206,254.0,223.875,44.96875,0.011778376557760584,,,0.1591796875,0.1590576171875,0.0009312629699707031,,0.0,0.0
126,126534,34,39.67603,Musashino_007_IchikawaOhno-FunabashiHoten_up_20240410_day,HD21,2024_0041_HD21_01_00004714.jpg,trolley2,1011.0,1020.0,1011.0,1020.0,9.0,0.37752516806864206,254.0,224.25,45.1875,0.012866150331903171,,,0.1591796875,0.1590576171875,0.0009312629699707031,,0.0,0.0
126,126535,34,39.676032,Musashino_007_IchikawaOhno-FunabashiHoten_up_20240410_day,HD21,2024_0041_HD21_01_00004714.jpg,trolley2,1011.0,1020.0,1011.0,1020.0,9.0,0.37752516806864206,255.0,225.25,45.21875,0.013772675130359032,,,0.1591796875,0.1590576171875,0.0009312629699707031,,0.0,0.0
126,126536,34,39.676034,Musashino_007_IchikawaOhno-FunabashiHoten_up_20240410_day,HD21,2024_0041_HD21_01_00004714.jpg,trolley2,1011.0,1019.0,1011.0,1020.0,9.0,0.37752516806864206,255.0,224.25,46.15625,0.011775753473807701,,,0.1591796875,0.1590576171875,0.0009312629699707031,,0.0,0.0
126,126537,34,39.676036,Musashino_007_IchikawaOhno-FunabashiHoten_up_20240410_day,HD21,2024_0041_HD21_01_00004714.jpg,trolley2,1011.0,1019.0,1011.0,1020.0,9.0,0.37752516806864206,255.0,221.125,47.625,0.009917904166382583,,,0.1591796875,0.1590576171875,0.0009312629699707031,,0.0,0.0
126,126538,34,39.676038,Musashino_007_IchikawaOhno-FunabashiHoten_up_20240410_day,HD21,2024_0041_HD21_01_00004714.jpg,trolley2,1012.0,1019.0,1011.0,1020.0,9.0,0.37752516806864206,254.0,221.25,47.71875,0.01093082791794094,,,0.1591796875,0.1590576171875,0.0009312629699707031,,0.0,0.0
126,126539,34,39.67604,Musashino_007_IchikawaOhno-FunabashiHoten_up_20240410_day,HD21,2024_0041_HD21_01_00004714.jpg,trolley2,1012.0,1019.0,1011.0,1020.0,9.0,0.37752516806864206,253.0,221.25,47.625,0.011780719468910248,,,0.1591796875,0.1590576171875,0.0009312629699707031,,0.0,0.0
126,126540,34,39.676042,Musashino_007_IchikawaOhno-FunabashiHoten_up_20240410_day,HD21,2024_0041_HD21_01_00004714.jpg,trolley2,1012.0,1019.0,1011.0,1020.0,9.0,0.37752516806864206,255.0,218.5,49.28125,0.012479543003012562,,,0.1591796875,0.1590576171875,0.0009312629699707031,,0.0,0.0
126,126541,34,39.676044,Musashino_007_IchikawaOhno-FunabashiHoten_up_20240410_day,HD21,2024_0041_HD21_01_00004714.jpg,trolley2,1012.0,1019.0,1011.0,1020.0,9.0,0.37752516806864206,255.0,217.625,49.53125,0.01303887001332137,,,0.1591796875,0.1590576171875,0.0009312629699707031,,0.0,0.0
126,126542,34,39.676046,Musashino_007_IchikawaOhno-FunabashiHoten_up_20240410_day,HD21,2024_0041_HD21_01_00004714.jpg,trolley2,1012.0,1019.0,1011.0,1020.0,9.0,0.37752516806864206,254.0,217.5,49.34375,0.013469856008142973,,,0.1591796875,0.1590576171875,0.0009312629699707031,,0.0,0.0
126,126543,34,39.676048,Musashino_007_IchikawaOhno-FunabashiHoten_up_20240410_day,HD21,2024_0041_HD21_01_00004714.jpg,trolley2,1012.0,1019.0,1011.0,1020.0,9.0,0.37752516806864206,255.0,215.75,49.9375,0.013783221866783855,,,0.1591796875,0.1590576171875,0.0009312629699707031,,0.0,0.0
126,126544,34,39.676050000000004,Musashino_007_IchikawaOhno-FunabashiHoten_up_20240410_day,HD21,2024_0041_HD21_01_00004714.jpg,trolley2,1012.0,1019.0,1011.0,1020.0,9.0,0.37752516806864206,252.0,212.625,50.1875,0.013989239473349457,,,0.1591796875,0.1590576171875,0.0009312629699707031,,0.0,0.0
126,126545,34,39.676052,Musashino_007_IchikawaOhno-FunabashiHoten_up_20240410_day,HD21,2024_0041_HD21_01_00004714.jpg,trolley2,1012.0,1019.0,1011.0,1020.0,9.0,0.37752516806864206,255.0,217.5,47.46875,0.01409772127121678,,,0.1591796875,0.1590576171875,0.0009312629699707031,,0.0,0.0
126,126546,34,39.676054,Musashino_007_IchikawaOhno-FunabashiHoten_up_20240410_day,HD21,2024_0041_HD21_01_00004714.jpg,trolley2,1012.0,1019.0,1011.0,1020.0,9.0,0.37752516806864206,255.0,220.25,47.46875,0.014118013395780475,,,0.1591796875,0.1590576171875,0.0009312629699707031,,0.0,0.0
126,126547,34,39.676056,Musashino_007_IchikawaOhno-FunabashiHoten_up_20240410_day,HD21,2024_0041_HD21_01_00004714.jpg,trolley2,1011.0,1019.0,1011.0,1020.0,9.0,0.37752516806864206,255.0,222.25,47.03125,0.011323283823327028,,,0.1591796875,0.1590576171875,0.0009312629699707031,,0.0,0.0
126,126548,34,39.676058,Musashino_007_IchikawaOhno-FunabashiHoten_up_20240410_day,HD21,2024_0041_HD21_01_00004714.jpg,trolley2,1011.0,1019.0,1011.0,1020.0,9.0,0.37752516806864206,255.0,223.625,45.4375,0.008751405302320766,,,0.1591796875,0.1590576171875,0.0009312629699707031,,0.0,0.0
126,126549,34,39.67606,Musashino_007_IchikawaOhno-FunabashiHoten_up_20240410_day,HD21,2024_0041_HD21_01_00004714.jpg,trolley2,1012.0,1019.0,1011.0,1020.0,9.0,0.37752516806864206,255.0,221.0,47.34375,0.009129447569273,,,0.1591796875,0.1590576171875,0.0009312629699707031,,0.0,0.0
126,126550,34,39.676062,Musashino_007_IchikawaOhno-FunabashiHoten_up_20240410_day,HD21,2024_0041_HD21_01_00004714.jpg,trolley2,1012.0,1019.0,1011.0,1020.0,9.0,0.37752516806864206,255.0,218.625,48.78125,0.00941901327455877,,,0.1591796875,0.1590576171875,0.0009312629699707031,,0.0,0.0
126,126551,34,39.676064000000004,Musashino_007_IchikawaOhno-FunabashiHoten_up_20240410_day,HD21,2024_0041_HD21_01_00004714.jpg,trolley2,1012.0,1019.0,1011.0,1020.0,9.0,0.37752516806864206,253.0,219.875,46.375,0.00962753455786118,,,0.1591796875,0.1590576171875,0.0009312629699707031,,0.0,0.0
126,126552,34,39.676066,Musashino_007_IchikawaOhno-FunabashiHoten_up_20240410_day,HD21,2024_0041_HD21_01_00004714.jpg,trolley2,1012.0,1020.0,1011.0,1020.0,9.0,0.37752516806864206,255.0,219.375,47.59375,0.012497837826819336,,,0.1591796875,0.1590576171875,0.0009312629699707031,,0.0,0.0
126,126553,34,39.676068,Musashino_007_IchikawaOhno-FunabashiHoten_up_20240410_day,HD21,2024_0041_HD21_01_00004714.jpg,trolley2,1012.0,1020.0,1011.0,1020.0,9.0,0.37752516806864206,255.0,218.0,48.40625,0.015007253198628657,,,0.1591796875,0.1590576171875,0.0009312629699707031,,0.0,0.0
126,126554,34,39.67607,Musashino_007_IchikawaOhno-FunabashiHoten_up_20240410_day,HD21,2024_0041_HD21_01_00004714.jpg,trolley2,1012.0,1020.0,1011.0,1020.0,9.0,0.37752516806864206,254.0,220.625,46.65625,0.0171788280001162,,,0.1591796875,0.1590576171875,0.0009312629699707031,,0.0,0.0
126,126555,34,39.676072,Musashino_007_IchikawaOhno-FunabashiHoten_up_20240410_day,HD21,2024_0041_HD21_01_00004714.jpg,trolley2,1012.0,1020.0,1011.0,1020.0,9.0,0.37752516806864206,254.0,220.125,46.40625,0.01903510931633543,,,0.1590576171875,0.1590576171875,0.0009312629699707031,,0.0,0.0
126,126556,34,39.676074,Musashino_007_IchikawaOhno-FunabashiHoten_up_20240410_day,HD21,2024_0041_HD21_01_00004714.jpg,trolley2,1012.0,1020.0,1011.0,1020.0,9.0,0.37752516806864206,254.0,224.75,43.25,0.020598071604740666,,,0.1590576171875,0.1590576171875,0.0009312629699707031,,0.0,0.0
126,126557,34,39.676076,Musashino_007_IchikawaOhno-FunabashiHoten_up_20240410_day,HD21,2024_0041_HD21_01_00004714.jpg,trolley2,1012.0,1020.0,1011.0,1020.0,9.0,0.37752516806864206,253.0,224.75,43.4375,0.02188905481914191,,,0.1590576171875,0.1590576171875,0.0009312629699707031,,0.0,0.0
126,126558,34,39.676078000000004,Musashino_007_IchikawaOhno-FunabashiHoten_up_20240410_day,HD21,2024_0041_HD21_01_00004714.jpg,trolley2,1011.0,1020.0,1011.0,1020.0,9.0,0.37752516806864206,254.0,228.0,41.84375,0.020193004075896623,,,0.1590576171875,0.1590576171875,0.0009312629699707031,,0.0,0.0
126,126559,34,39.67608,Musashino_007_IchikawaOhno-FunabashiHoten_up_20240410_day,HD21,2024_0041_HD21_01_00004714.jpg,trolley2,1012.0,1020.0,1011.0,1020.0,9.0,0.37752516806864206,255.0,228.375,42.4375,0.021295018463892073,,,0.1590576171875,0.1590576171875,0.0009312629699707031,,0.0,0.0
126,126560,34,39.676082,Musashino_007_IchikawaOhno-FunabashiHoten_up_20240410_day,HD21,2024_0041_HD21_01_00004714.jpg,trolley2,1011.0,1020.0,1011.0,1020.0,9.0,0.37752516806864206,254.0,227.5,40.65625,0.019432506559963,,,0.1590576171875,0.1590576171875,0.0009312629699707031,,0.0,0.0
126,126561,34,39.676084,Musashino_007_IchikawaOhno-FunabashiHoten_up_20240410_day,HD21,2024_0041_HD21_01_00004714.jpg,trolley2,1011.0,1020.0,1011.0,1020.0,9.0,0.37752516806864206,255.0,226.25,43.375,0.017653476283846618,,,0.1590576171875,0.1590576171875,0.0009312629699707031,,0.0,0.0
126,126562,34,39.676086,Musashino_007_IchikawaOhno-FunabashiHoten_up_20240410_day,HD21,2024_0041_HD21_01_00004714.jpg,trolley2,1012.0,1020.0,1011.0,1020.0,9.0,0.37752516806864206,254.0,224.875,43.65625,0.018694862235901315,,,0.1590576171875,0.1590576171875,0.0009312629699707031,,0.0,0.0
126,126563,34,39.676088,Musashino_007_IchikawaOhno-FunabashiHoten_up_20240410_day,HD21,2024_0041_HD21_01_00004714.jpg,trolley2,1011.0,1020.0,1011.0,1020.0,9.0,0.37752516806864206,255.0,229.375,40.4375,0.016792126959585235,,,0.1590576171875,0.1590576171875,0.0009312629699707031,,0.0,0.0
126,126564,34,39.67609,Musashino_007_IchikawaOhno-FunabashiHoten_up_20240410_day,HD21,2024_0041_HD21_01_00004714.jpg,trolley2,1011.0,1020.0,1011.0,1020.0,9.0,0.37752516806864206,253.0,232.25,37.625,0.014991419013132496,,,0.1590576171875,0.1590576171875,0.0009312629699707031,,0.0,0.0
126,126565,34,39.676092000000004,Musashino_007_IchikawaOhno-FunabashiHoten_up_20240410_day,HD21,2024_0041_HD21_01_00004714.jpg,trolley2,1011.0,1020.0,1011.0,1020.0,9.0,0.37752516806864206,255.0,229.75,38.59375,0.013292193412986417,,,0.1590576171875,0.1590576171875,0.0009312629699707031,,0.0,0.0
126,126566,34,39.676094,Musashino_007_IchikawaOhno-FunabashiHoten_up_20240410_day,HD21,2024_0041_HD21_01_00004714.jpg,trolley2,1011.0,1020.0,1011.0,1020.0,9.0,0.37752516806864206,254.0,230.25,38.25,0.011693405461622444,,,0.1590576171875,0.1590576171875,0.0009312629699707031,,0.0,0.0
126,126567,34,39.676096,Musashino_007_IchikawaOhno-FunabashiHoten_up_20240410_day,HD21,2024_0041_HD21_01_00004714.jpg,trolley2,1011.0,1020.0,1011.0,1020.0,9.0,0.37752516806864206,253.0,225.25,42.78125,0.010193567388403199,,,0.1590576171875,0.1590576171875,0.0009312629699707031,,0.0,0.0
126,126568,34,39.676098,Musashino_007_IchikawaOhno-FunabashiHoten_up_20240410_day,HD21,2024_0041_HD21_01_00004714.jpg,trolley2,1012.0,1020.0,1011.0,1020.0,9.0,0.37752516806864206,252.0,225.5,40.3125,0.011526509877574777,,,0.1590576171875,0.1590576171875,0.0009312629699707031,,0.0,0.0
126,126569,34,39.6761,Musashino_007_IchikawaOhno-FunabashiHoten_up_20240410_day,HD21,2024_0041_HD21_01_00004714.jpg,trolley2,1011.0,1020.0,1011.0,1020.0,9.0,0.37752516806864206,255.0,228.375,39.375,0.009924840220112712,,,0.1590576171875,0.1590576171875,0.0009312629699707031,,0.0,0.0
126,126570,34,39.676102,Musashino_007_IchikawaOhno-FunabashiHoten_up_20240410_day,HD21,2024_0041_HD21_01_00004714.jpg,trolley2,1012.0,1020.0,1011.0,1020.0,9.0,0.37752516806864206,254.0,225.25,41.78125,0.011167798901913677,,,0.1590576171875,0.1590576171875,0.0009312629699707031,,0.0,0.0
126,126571,34,39.676104,Musashino_007_IchikawaOhno-FunabashiHoten_up_20240410_day,HD21,2024_0041_HD21_01_00004714.jpg,trolley2,1012.0,1020.0,1011.0,1020.0,9.0,0.37752516806864206,255.0,229.25,39.78125,0.01222298640401593,,,0.1590576171875,0.1590576171875,0.0009312629699707031,,0.0,0.0
126,126572,34,39.676106,Musashino_007_IchikawaOhno-FunabashiHoten_up_20240410_day,HD21,2024_0041_HD21_01_00004714.jpg,trolley2,1012.0,1020.0,1011.0,1020.0,9.0,0.37752516806864206,255.0,229.375,40.40625,0.013103764751720594,,,0.1590576171875,0.1590576171875,0.0009312629699707031,,0.0,0.0
126,126573,34,39.676108,Musashino_007_IchikawaOhno-FunabashiHoten_up_20240410_day,HD21,2024_0041_HD21_01_00004714.jpg,trolley2,1011.0,1020.0,1011.0,1020.0,9.0,0.37752516806864206,255.0,232.875,37.09375,0.011087380302382158,,,0.1590576171875,0.1590576171875,0.0009312629699707031,,0.0,0.0
126,126574,34,39.67611,Musashino_007_IchikawaOhno-FunabashiHoten_up_20240410_day,HD21,2024_0041_HD21_01_00004714.jpg,trolley2,1011.0,1020.0,1011.0,1020.0,9.0,0.37752516806864206,253.0,227.625,39.8125,0.009215817993822253,,,0.1590576171875,0.1590576171875,0.0009312629699707031,,0.0,0.0
126,126575,34,39.676112,Musashino_007_IchikawaOhno-FunabashiHoten_up_20240410_day,HD21,2024_0041_HD21_01_00004714.jpg,trolley2,1012.0,1020.0,1011.0,1020.0,9.0,0.3684529491774761,255.0,226.375,40.6875,0.010220267615358401,,,0.1590576171875,0.1590576171875,0.0009312629699707031,,0.0,0.0
126,126576,34,39.676114,Musashino_007_IchikawaOhno-FunabashiHoten_up_20240410_day,HD21,2024_0041_HD21_01_00004714.jpg,trolley2,1012.0,1020.0,1011.0,1020.0,9.0,0.3588702812826424,254.0,224.625,41.65625,0.01106643638975017,,,0.1590576171875,0.1590576171875,0.0009312629699707031,,0.0,0.0
126,126577,34,39.676116,Musashino_007_IchikawaOhno-FunabashiHoten_up_20240410_day,HD21,2024_0041_HD21_01_00004714.jpg,trolley2,1012.0,1020.0,1011.0,1020.0,9.0,0.348735088019783,254.0,226.875,40.03125,0.0117658246683961,,,0.1590576171875,0.1590576171875,0.0009312629699707031,,0.0,0.0
126,126578,34,39.676118,Musashino_007_IchikawaOhno-FunabashiHoten_up_20240410_day,HD21,2024_0041_HD21_01_00004714.jpg,trolley2,1012.0,1020.0,1011.0,1020.0,9.0,0.3379976689896374,255.0,228.25,40.21875,0.012329563921482045,,,0.1590576171875,0.1590576171875,0.0009312629699707031,,0.0,0.0
126,126579,34,39.67612,Musashino_007_IchikawaOhno-FunabashiHoten_up_20240410_day,HD21,2024_0041_HD21_01_00004714.jpg,trolley2,1012.0,1020.0,1011.0,1020.0,9.0,0.3265986323710971,255.0,228.875,38.71875,0.0127683934250375,,,0.1590576171875,0.1590576171875,0.0009312629699707031,,0.0,0.0
126,126580,34,39.676122,Musashino_007_IchikawaOhno-FunabashiHoten_up_20240410_day,HD21,2024_0041_HD21_01_00004714.jpg,trolley2,1012.0,1020.0,1011.0,1020.0,9.0,0.3144660377352272,255.0,226.875,40.46875,0.013092641469628165,,,0.1590576171875,0.1590576171875,0.0009312629699707031,,0.0,0.0
126,126581,34,39.676124,Musashino_007_IchikawaOhno-FunabashiHoten_up_20240410_day,HD21,2024_0041_HD21_01_00004714.jpg,trolley2,1012.0,1020.0,1011.0,1020.0,9.0,0.3015113445777712,255.0,226.5,39.9375,0.013312210732706088,,,0.1590576171875,0.1590576171875,0.0009312629699707031,,0.0,0.0
126,126582,34,39.676126000000004,Musashino_007_IchikawaOhno-FunabashiHoten_up_20240410_day,HD21,2024_0041_HD21_01_00004714.jpg,trolley2,1012.0,1020.0,1011.0,1020.0,9.0,0.2876234912646694,255.0,226.5,41.0,0.013436567470340378,,,0.1590576171875,0.1590576171875,0.0009312629699707031,,0.0,0.0
126,126583,34,39.676128,Musashino_007_IchikawaOhno-FunabashiHoten_up_20240410_day,HD21,2024_0041_HD21_01_00004714.jpg,trolley2,1012.0,1020.0,1012.0,1020.0,8.0,0.2876234912646694,255.0,236.25,33.375,0.013474734198242817,,,0.1590576171875,0.1590576171875,0.0009312629699707031,,0.0,0.0
126,126584,34,39.67613,Musashino_007_IchikawaOhno-FunabashiHoten_up_20240410_day,HD21,2024_0041_HD21_01_00004714.jpg,trolley2,1012.0,1020.0,1012.0,1020.0,8.0,0.2876234912646694,255.0,237.5,33.125,0.013435285546542546,,,0.1590576171875,0.1590576171875,0.0009312629699707031,,0.0,0.0
126,126585,34,39.676132,Musashino_007_IchikawaOhno-FunabashiHoten_up_20240410_day,HD21,2024_0041_HD21_01_00004714.jpg,trolley2,1012.0,1020.0,1012.0,1021.0,9.0,0.2876234912646694,255.0,221.625,55.9375,0.013326346987562071,,,0.1590576171875,0.1590576171875,0.0009312629699707031,,0.0,0.0
126,126586,34,39.676134,Musashino_007_IchikawaOhno-FunabashiHoten_up_20240410_day,HD21,2024_0041_HD21_01_00004714.jpg,trolley2,1012.0,1020.0,1012.0,1021.0,9.0,0.2876234912646694,253.0,220.5,55.40625,0.0131555961507721,,,0.1590576171875,0.1590576171875,0.0009312629699707031,,0.0,0.0
126,126587,34,39.676136,Musashino_007_IchikawaOhno-FunabashiHoten_up_20240410_day,HD21,2024_0041_HD21_01_00004714.jpg,trolley2,1012.0,1020.0,1012.0,1021.0,9.0,0.2876234912646694,253.0,220.5,55.375,0.012930266454077688,,,0.1590576171875,0.1590576171875,0.0009312629699707031,,0.0,0.0
126,126588,34,39.676138,Musashino_007_IchikawaOhno-FunabashiHoten_up_20240410_day,HD21,2024_0041_HD21_01_00004714.jpg,trolley2,1012.0,1020.0,1012.0,1021.0,9.0,0.2876234912646694,255.0,221.125,56.375,0.012657152795511934,,,0.1590576171875,0.1590576171875,0.0009312629699707031,,0.0,0.0
126,126589,34,39.676140000000004,Musashino_007_IchikawaOhno-FunabashiHoten_up_20240410_day,HD21,2024_0041_HD21_01_00004714.jpg,trolley2,1012.0,1020.0,1012.0,1021.0,9.0,0.2876234912646694,255.0,220.75,56.875,0.012342619064226073,,,0.1590576171875,0.1590576171875,0.0009312629699707031,,0.0,0.0
126,126590,34,39.676142,Musashino_007_IchikawaOhno-FunabashiHoten_up_20240410_day,HD21,2024_0041_HD21_01_00004714.jpg,trolley2,1012.0,1020.0,1012.0,1021.0,9.0,0.2876234912646694,255.0,218.875,57.3125,0.01199260724427784,,,0.1590576171875,0.1590576171875,0.0009312629699707031,,0.0,0.0
126,126591,34,39.676144,Musashino_007_IchikawaOhno-FunabashiHoten_up_20240410_day,HD21,2024_0041_HD21_01_00004714.jpg,trolley2,1012.0,1020.0,1012.0,1021.0,9.0,0.2876234912646694,255.0,216.25,57.40625,0.011612647899090674,,,0.1590576171875,0.1590576171875,0.0009312629699707031,,0.0,0.0
126,126592,34,39.676146,Musashino_007_IchikawaOhno-FunabashiHoten_up_20240410_day,HD21,2024_0041_HD21_01_00004714.jpg,trolley2,1012.0,1020.0,1012.0,1021.0,9.0,0.2876234912646694,255.0,217.125,57.40625,0.0112078718385117,,,0.1590576171875,0.1590576171875,0.0009312629699707031,,0.0,0.0
126,126593,34,39.676148,Musashino_007_IchikawaOhno-FunabashiHoten_up_20240410_day,HD21,2024_0041_HD21_01_00004714.jpg,trolley2,1012.0,1020.0,1012.0,1021.0,9.0,0.2876234912646694,254.0,215.25,58.9375,0.010783022784125185,,,0.1590576171875,0.1590576171875,0.0009312629699707031,,0.0,0.0
126,126594,34,39.67615,Musashino_007_IchikawaOhno-FunabashiHoten_up_20240410_day,HD21,2024_0041_HD21_01_00004714.jpg,trolley2,1012.0,1020.0,1012.0,1021.0,9.0,0.2876234912646694,253.0,216.5,57.71875,0.010342470861788,,,0.1590576171875,0.1590576171875,0.0009312629699707031,,0.0,0.0
126,126595,34,39.676152,Musashino_007_IchikawaOhno-FunabashiHoten_up_20240410_day,HD21,2024_0041_HD21_01_00004714.jpg,trolley2,1012.0,1020.0,1012.0,1021.0,9.0,0.2876234912646694,255.0,219.75,55.625,0.009890226763264186,,,0.1590576171875,0.1590576171875,0.0009312629699707031,,0.0,0.0
126,126596,34,39.676154000000004,Musashino_007_IchikawaOhno-FunabashiHoten_up_20240410_day,HD21,2024_0041_HD21_01_00004714.jpg,trolley2,1012.0,1020.0,1012.0,1021.0,9.0,0.2876234912646694,255.0,219.0,55.78125,0.009429956431288931,,,0.1590576171875,0.1590576171875,0.0009312629699707031,,0.0,0.0
126,126597,34,39.676156,Musashino_007_IchikawaOhno-FunabashiHoten_up_20240410_day,HD21,2024_0041_HD21_01_00004714.jpg,trolley2,1012.0,1020.0,1012.0,1021.0,9.0,0.2876234912646694,255.0,215.25,57.78125,0.008964996134371387,,,0.1590576171875,0.1590576171875,0.0009312629699707031,,0.0,0.0
126,126598,34,39.676158,Musashino_007_IchikawaOhno-FunabashiHoten_up_20240410_day,HD21,2024_0041_HD21_01_00004714.jpg,trolley2,1012.0,1020.0,1012.0,1021.0,9.0,0.2876234912646694,255.0,215.375,57.5,0.008498367809140128,,,0.1590576171875,0.1590576171875,0.0009312629699707031,,0.0,0.0
126,126599,34,39.67616,Musashino_007_IchikawaOhno-FunabashiHoten_up_20240410_day,HD21,2024_0041_HD21_01_00004714.jpg,trolley2,1012.0,1020.0,1012.0,1021.0,9.0,0.2876234912646694,255.0,218.75,55.0625,0.008032794559019816,,,0.1590576171875,0.1590576171875,0.0009312629699707031,,0.0,0.0
126,126600,34,39.676162,Musashino_007_IchikawaOhno-FunabashiHoten_up_20240410_day,HD21,2024_0041_HD21_01_00004714.jpg,trolley2,1012.0,1020.0,1012.0,1021.0,9.0,0.2876234912646694,252.0,219.0,56.03125,0.007570716208507212,,,0.1590576171875,0.1590576171875,0.0009312629699707031,,0.0,0.0
126,126601,34,39.676164,Musashino_007_IchikawaOhno-FunabashiHoten_up_20240410_day,HD21,2024_0041_HD21_01_00004714.jpg,trolley2,1012.0,1020.0,1012.0,1021.0,9.0,0.2876234912646694,255.0,216.25,58.90625,0.0071143048222805285,,,0.1590576171875,0.1590576171875,0.0009312629699707031,,0.0,0.0
126,126602,34,39.676166,Musashino_007_IchikawaOhno-FunabashiHoten_up_20240410_day,HD21,2024_0041_HD21_01_00004714.jpg,trolley2,1012.0,1020.0,1012.0,1021.0,9.0,0.2876234912646694,255.0,216.875,57.15625,0.006665480107811632,,,0.1590576171875,0.1590576171875,0.0009312629699707031,,0.0,0.0
126,126603,34,39.676168000000004,Musashino_007_IchikawaOhno-FunabashiHoten_up_20240410_day,HD21,2024_0041_HD21_01_00004714.jpg,trolley2,1012.0,1019.0,1012.0,1021.0,9.0,0.2876234912646694,253.0,212.75,59.625,0.003490216394011692,,,0.1590576171875,0.1590576171875,0.0009312629699707031,,0.0,0.0
126,126604,34,39.67617,Musashino_007_IchikawaOhno-FunabashiHoten_up_20240410_day,HD21,2024_0041_HD21_01_00004714.jpg,trolley2,1012.0,1020.0,1012.0,1021.0,9.0,0.2876234912646694,255.0,212.125,57.8125,0.0033551494348134543,,,0.1590576171875,0.1590576171875,0.0009312629699707031,,0.0,0.0
126,126605,34,39.676172,Musashino_007_IchikawaOhno-FunabashiHoten_up_20240410_day,HD21,2024_0041_HD21_01_00004714.jpg,trolley2,1012.0,1020.0,1012.0,1021.0,9.0,0.2876234912646694,253.0,214.625,57.96875,0.0032154894667514857,,,0.1590576171875,0.1590576171875,0.0009312629699707031,,0.0,0.0
126,126606,34,39.676174,Musashino_007_IchikawaOhno-FunabashiHoten_up_20240410_day,HD21,2024_0041_HD21_01_00004714.jpg,trolley2,1012.0,1020.0,1012.0,1021.0,9.0,0.2876234912646694,254.0,220.875,54.4375,0.0030724686922722123,,,0.1590576171875,0.1590576171875,0.0009312629699707031,,0.0,0.0
126,126607,34,39.676176,Musashino_007_IchikawaOhno-FunabashiHoten_up_20240410_day,HD21,2024_0041_HD21_01_00004714.jpg,trolley2,1012.0,1020.0,1012.0,1021.0,9.0,0.2876234912646694,252.0,218.375,56.25,0.002927212130839355,,,0.1590576171875,0.1590576171875,0.0009312629699707031,,0.0,0.0
126,126608,34,39.676178,Musashino_007_IchikawaOhno-FunabashiHoten_up_20240410_day,HD21,2024_0041_HD21_01_00004714.jpg,trolley2,1012.0,1020.0,1012.0,1021.0,9.0,0.2876234912646694,255.0,218.375,55.375,0.002780742386293648,,,0.1590576171875,0.1590576171875,0.0009312629699707031,,0.0,0.0
126,126609,34,39.67618,Musashino_007_IchikawaOhno-FunabashiHoten_up_20240410_day,HD21,2024_0041_HD21_01_00004714.jpg,trolley2,1012.0,1020.0,1012.0,1021.0,9.0,0.2876234912646694,255.0,220.75,54.03125,0.002633984488738352,,,0.1590576171875,0.1590576171875,0.0009312629699707031,,0.0,0.0
126,126610,34,39.676182000000004,Musashino_007_IchikawaOhno-FunabashiHoten_up_20240410_day,HD21,2024_0041_HD21_01_00004714.jpg,trolley2,1012.0,1020.0,1012.0,1021.0,9.0,0.2876234912646694,255.0,219.75,53.4375,0.0024877707768637533,,,0.1590576171875,0.1590576171875,0.0009312629699707031,,0.0,0.0
126,126611,34,39.676184,Musashino_007_IchikawaOhno-FunabashiHoten_up_20240410_day,HD21,2024_0041_HD21_01_00004714.jpg,trolley2,1012.0,1020.0,1012.0,1021.0,9.0,0.2876234912646694,255.0,219.0,54.8125,0.0023428457898773216,,,0.1590576171875,0.1590576171875,0.0009312629699707031,,0.0,0.0
126,126612,34,39.676186,Musashino_007_IchikawaOhno-FunabashiHoten_up_20240410_day,HD21,2024_0041_HD21_01_00004714.jpg,trolley2,1012.0,1020.0,1012.0,1021.0,9.0,0.2876234912646694,255.0,217.375,56.09375,0.002199871141294291,,,0.1590576171875,0.1590576171875,0.0009312629699707031,,0.0,0.0
126,126613,34,39.676188,Musashino_007_IchikawaOhno-FunabashiHoten_up_20240410_day,HD21,2024_0041_HD21_01_00004714.jpg,trolley2,1012.0,1020.0,1012.0,1021.0,9.0,0.2876234912646694,252.0,216.125,55.71875,0.002059430349769428,,,0.1590576171875,0.1590576171875,0.0009312629699707031,,0.0,0.0
126,126614,34,39.67619,Musashino_007_IchikawaOhno-FunabashiHoten_up_20240410_day,HD21,2024_0041_HD21_01_00004714.jpg,trolley2,1012.0,1020.0,1012.0,1021.0,9.0,0.2876234912646694,253.0,217.625,55.5,0.0019220336049200289,,,0.1590576171875,0.1590576171875,0.0009312629699707031,,0.0,0.0
126,126615,34,39.676192,Musashino_007_IchikawaOhno-FunabashiHoten_up_20240410_day,HD21,2024_0041_HD21_01_00004714.jpg,trolley2,1012.0,1020.0,1012.0,1021.0,9.0,0.2876234912646694,255.0,216.5,55.71875,0.0017881224486843508,,,0.1590576171875,0.1590576171875,0.0009312629699707031,,0.0,0.0
126,126616,34,39.676194,Musashino_007_IchikawaOhno-FunabashiHoten_up_20240410_day,HD21,2024_0041_HD21_01_00004714.jpg,trolley2,1012.0,1020.0,1012.0,1021.0,9.0,0.2876234912646694,255.0,216.75,52.6875,0.0016580743552145184,,,0.1590576171875,0.1590576171875,0.0009312629699707031,,0.0,0.0
126,126617,34,39.676196,Musashino_007_IchikawaOhno-FunabashiHoten_up_20240410_day,HD21,2024_0041_HD21_01_00004714.jpg,trolley2,1012.0,1020.0,1012.0,1021.0,9.0,0.2876234912646694,255.0,215.625,53.75,0.0015322071945814367,,,0.1590576171875,0.1590576171875,0.0009312629699707031,,0.0,0.0
126,126618,34,39.676198,Musashino_007_IchikawaOhno-FunabashiHoten_up_20240410_day,HD21,2024_0041_HD21_01_00004714.jpg,trolley2,1012.0,1020.0,1012.0,1021.0,9.0,0.2876234912646694,255.0,213.25,54.84375,0.001410783567709947,,,0.1590576171875,0.1590576171875,0.0009312629699707031,,0.0,0.0
126,126619,34,39.6762,Musashino_007_IchikawaOhno-FunabashiHoten_up_20240410_day,HD21,2024_0041_HD21_01_00004714.jpg,trolley2,1013.0,1020.0,1012.0,1021.0,9.0,0.2726599243442994,255.0,211.75,55.5,0.004029723237017998,,,0.1590576171875,0.1590576171875,0.0009312629699707031,,0.0,0.0
126,126620,34,39.676202,Musashino_007_IchikawaOhno-FunabashiHoten_up_20240410_day,HD21,2024_0041_HD21_01_00004714.jpg,trolley2,1012.0,1020.0,1012.0,1021.0,9.0,0.2564323999762523,255.0,211.875,55.375,0.0036240153311135736,,,0.1590576171875,0.1590576171875,0.0009312629699707031,,0.0,0.0
126,126621,34,39.676204,Musashino_007_IchikawaOhno-FunabashiHoten_up_20240410_day,HD21,2024_0041_HD21_01_00004714.jpg,trolley2,1012.0,1020.0,1012.0,1021.0,9.0,0.23868325657595243,254.0,212.125,55.15625,0.003239823831347845,,,0.1590576171875,0.1590576171875,0.0009312629699707031,,0.0,0.0
126,126622,34,39.676206,Musashino_007_IchikawaOhno-FunabashiHoten_up_20240410_day,HD21,2024_0041_HD21_01_00004714.jpg,trolley2,1012.0,1020.0,1012.0,1021.0,9.0,0.21904291355760194,253.0,210.375,54.9375,0.002877058114334901,,,0.1590576171875,0.1590576171875,0.0009312629699707031,,0.0,0.0
126,126623,34,39.676208,Musashino_007_IchikawaOhno-FunabashiHoten_up_20240410_day,HD21,2024_0041_HD21_01_00004714.jpg,trolley2,1013.0,1020.0,1012.0,1021.0,9.0,0.19694638556694563,254.0,207.75,54.71875,0.005271227797627013,,,0.1590576171875,0.1590576171875,0.0009312629699707031,,0.0,0.0
126,126624,34,39.67621,Musashino_007_IchikawaOhno-FunabashiHoten_up_20240410_day,HD21,2024_0041_HD21_01_00004714.jpg,trolley2,1013.0,1020.0,1012.0,1021.0,9.0,0.1714466079977809,253.0,209.25,54.34375,0.007392571224214653,,,0.1590576171875,0.1590576171875,0.0009312629699707031,,0.0,0.0
126,126625,34,39.676212,Musashino_007_IchikawaOhno-FunabashiHoten_up_20240410_day,HD21,2024_0041_HD21_01_00004714.jpg,trolley2,1012.0,1020.0,1012.0,1021.0,9.0,0.14070529413630914,255.0,216.75,53.53125,0.006521576598654923,,,0.1590576171875,0.1590576171875,0.0009312629699707031,,0.0,0.0
126,126626,34,39.676214,Musashino_007_IchikawaOhno-FunabashiHoten_up_20240410_day,HD21,2024_0041_HD21_01_00004714.jpg,trolley2,1013.0,1020.0,1012.0,1021.0,9.0,0.14070529413630914,254.0,216.5,52.625,0.008439369314154208,,,0.1590576171875,0.1590576171875,0.0009312629699707031,,0.0,0.0
126,126627,34,39.676216000000004,Musashino_007_IchikawaOhno-FunabashiHoten_up_20240410_day,HD21,2024_0041_HD21_01_00004714.jpg,trolley2,1012.0,1020.0,1012.0,1021.0,9.0,0.14070529413630914,253.0,216.25,53.125,0.007379839966115979,,,0.1590576171875,0.1590576171875,0.0009312629699707031,,0.0,0.0
126,126628,34,39.676218,Musashino_007_IchikawaOhno-FunabashiHoten_up_20240410_day,HD21,2024_0041_HD21_01_00004714.jpg,trolley2,1012.0,1020.0,1012.0,1021.0,9.0,0.14070529413630914,254.0,224.0,51.65625,0.006387907014484249,,,0.1590576171875,0.1590576171875,0.0009312629699707031,,0.0,0.0
126,126629,34,39.67622,Musashino_007_IchikawaOhno-FunabashiHoten_up_20240410_day,HD21,2024_0041_HD21_01_00004714.jpg,trolley2,1011.0,1020.0,1012.0,1021.0,9.0,0.14070529413630914,255.0,226.0,51.375,0.0027264008852452793,,,0.1590576171875,0.1590576171875,0.0009312629699707031,,0.0,0.0
126,126630,34,39.676222,Musashino_007_IchikawaOhno-FunabashiHoten_up_20240410_day,HD21,2024_0041_HD21_01_00004714.jpg,trolley2,1012.0,1020.0,1012.0,1021.0,9.0,0.14070529413630914,255.0,223.0,51.34375,0.002158822681843796,,,0.1590576171875,0.1590576171875,0.0009312629699707031,,0.0,0.0
126,126631,34,39.676224,Musashino_007_IchikawaOhno-FunabashiHoten_up_20240410_day,HD21,2024_0041_HD21_01_00004714.jpg,trolley2,1012.0,1020.0,1012.0,1021.0,9.0,0.14070529413630914,252.0,221.75,52.65625,0.0016372734508426586,,,0.1590576171875,0.1590576171875,0.0009312629699707031,,0.0,0.0
126,126632,34,39.676226,Musashino_007_IchikawaOhno-FunabashiHoten_up_20240410_day,HD21,2024_0041_HD21_01_00004714.jpg,trolley2,1012.0,1020.0,1012.0,1021.0,9.0,0.14070529413630914,255.0,223.875,50.75,0.0011599160822755787,,,0.1590576171875,0.1590576171875,0.0009312629699707031,,0.0,0.0
126,126633,34,39.676228,Musashino_007_IchikawaOhno-FunabashiHoten_up_20240410_day,HD21,2024_0041_HD21_01_00004714.jpg,trolley2,1012.0,1020.0,1012.0,1021.0,9.0,0.14070529413630914,253.0,220.875,49.875,0.000724858890393349,,,0.1590576171875,0.1590576171875,0.0009312629699707031,,0.0,0.0
126,126634,34,39.676230000000004,Musashino_007_IchikawaOhno-FunabashiHoten_up_20240410_day,HD21,2024_0041_HD21_01_00004714.jpg,trolley2,1012.0,1020.0,1012.0,1021.0,9.0,0.14070529413630914,255.0,216.75,52.96875,0.0003301715255782991,,,0.1590576171875,0.1590576171875,0.0009312629699707031,,0.0,0.0
126,126635,34,39.676232,Musashino_007_IchikawaOhno-FunabashiHoten_up_20240410_day,HD21,2024_0041_HD21_01_00004714.jpg,trolley2,1012.0,1020.0,1012.0,1021.0,9.0,0.14070529413630914,255.0,214.625,55.15625,-2.610052375035931e-05,,,0.1590576171875,0.1590576171875,0.0009312629699707031,,0.0,0.0
126,126636,34,39.676234,Musashino_007_IchikawaOhno-FunabashiHoten_up_20240410_day,HD21,2024_0041_HD21_01_00004714.jpg,trolley2,1012.0,1020.0,1012.0,1021.0,9.0,0.14070529413630914,253.0,218.125,52.9375,-0.00034592277489087426,,,0.1590576171875,0.1590576171875,0.0009312629699707031,,0.0,0.0
126,126637,34,39.676236,Musashino_007_IchikawaOhno-FunabashiHoten_up_20240410_day,HD21,2024_0041_HD21_01_00004714.jpg,trolley2,1012.0,1020.0,1012.0,1021.0,9.0,0.14070529413630914,252.0,218.0,52.78125,-0.0006312598751245628,,,0.1590576171875,0.1590576171875,0.0009312629699707031,,0.0,0.0
126,126638,34,39.676238,Musashino_007_IchikawaOhno-FunabashiHoten_up_20240410_day,HD21,2024_0041_HD21_01_00004714.jpg,trolley2,1012.0,1020.0,1012.0,1021.0,9.0,0.14070529413630914,255.0,214.375,54.15625,-0.0008840649409729258,,,0.1590576171875,0.1590576171875,0.0009312629699707031,,0.0,0.0
126,126639,34,39.67624,Musashino_007_IchikawaOhno-FunabashiHoten_up_20240410_day,HD21,2024_0041_HD21_01_00004714.jpg,trolley2,1012.0,1020.0,1012.0,1021.0,9.0,0.14070529413630914,255.0,215.875,54.65625,-0.00110627004696226,,,0.1590576171875,0.1590576171875,0.0009312629699707031,,0.0,0.0
126,126640,34,39.676242,Musashino_007_IchikawaOhno-FunabashiHoten_up_20240410_day,HD21,2024_0041_HD21_01_00004714.jpg,trolley2,1012.0,1020.0,1012.0,1021.0,9.0,0.14070529413630914,255.0,215.5,53.53125,-0.0012997777987868524,,,0.1590576171875,0.1590576171875,0.0009312629699707031,,0.0,0.0
126,126641,34,39.676244000000004,Musashino_007_IchikawaOhno-FunabashiHoten_up_20240410_day,HD21,2024_0041_HD21_01_00004714.jpg,trolley2,1012.0,1020.0,1012.0,1021.0,9.0,0.14070529413630914,255.0,218.0,52.6875,-0.0014664539264734387,,,0.1590576171875,0.1590576171875,0.0009312629699707031,,0.0,0.0
126,126642,34,39.676246,Musashino_007_IchikawaOhno-FunabashiHoten_up_20240410_day,HD21,2024_0041_HD21_01_00004714.jpg,trolley2,1012.0,1020.0,1012.0,1021.0,9.0,0.14070529413630914,255.0,218.125,53.1875,-0.0016081208341215234,,,0.1590576171875,0.1590576171875,0.0009312629699707031,,0.0,0.0
126,126643,34,39.676248,Musashino_007_IchikawaOhno-FunabashiHoten_up_20240410_day,HD21,2024_0041_HD21_01_00004714.jpg,trolley2,1012.0,1020.0,1012.0,1021.0,9.0,0.14070529413630914,252.0,220.75,52.59375,-0.0017265520440332435,,,0.1590576171875,0.1590576171875,0.0009312629699707031,,0.0,0.0
126,126644,34,39.67625,Musashino_007_IchikawaOhno-FunabashiHoten_up_20240410_day,HD21,2024_0041_HD21_01_00004714.jpg,trolley2,1012.0,1020.0,1012.0,1020.0,8.0,0.1714466079977809,254.0,235.75,31.78125,-0.00182346747448272,,,0.1590576171875,0.1590576171875,0.0009312629699707031,,0.0,0.0
126,126645,34,39.676252,Musashino_007_IchikawaOhno-FunabashiHoten_up_20240410_day,HD21,2024_0041_HD21_01_00004714.jpg,trolley2,1012.0,1020.0,1012.0,1020.0,8.0,0.19694638556694563,254.0,237.125,30.421875,-0.0019005294920095266,,,0.1590576171875,0.1590576171875,0.0009312629699707031,,0.0,0.0
126,126646,34,39.676254,Musashino_007_IchikawaOhno-FunabashiHoten_up_20240410_day,HD21,2024_0041_HD21_01_00004714.jpg,trolley2,1012.0,1020.0,1012.0,1020.0,8.0,0.21904291355760194,253.0,234.875,31.5625,-0.001959339680904575,,,0.1590576171875,0.1590576171875,0.0009312629699707031,,0.0,0.0
126,126647,34,39.676256,Musashino_007_IchikawaOhno-FunabashiHoten_up_20240410_day,HD21,2024_0041_HD21_01_00004714.jpg,trolley2,1012.0,1020.0,1012.0,1020.0,8.0,0.23868325657595243,254.0,236.875,29.59375,-0.00200143627447536,,,0.1590576171875,0.1590576171875,0.0009312629699707031,,0.0,0.0
126,126648,34,39.676258000000004,Musashino_007_IchikawaOhno-FunabashiHoten_up_20240410_day,HD21,2024_0041_HD21_01_00004714.jpg,trolley2,1012.0,1020.0,1012.0,1020.0,8.0,0.2564323999762523,255.0,237.0,30.375,-0.0020282921947062556,,,0.1590576171875,0.1590576171875,0.0009312629699707031,,0.0,0.0
126,126649,34,39.67626,Musashino_007_IchikawaOhno-FunabashiHoten_up_20240410_day,HD21,2024_0041_HD21_01_00004714.jpg,trolley2,1012.0,1020.0,1012.0,1020.0,8.0,0.2726599243442994,255.0,236.0,31.34375,-0.002041313649039149,,,0.1590576171875,0.1590576171875,0.0009312629699707031,,0.0,0.0
126,126650,34,39.676262,Musashino_007_IchikawaOhno-FunabashiHoten_up_20240410_day,HD21,2024_0041_HD21_01_00004714.jpg,trolley2,1012.0,1020.0,1012.0,1020.0,8.0,0.2876234912646694,251.0,233.75,32.09375,-0.0020418392351771305,,,0.1590576171875,0.1590576171875,0.0009312629699707031,,0.0,0.0
126,126651,34,39.676264,Musashino_007_IchikawaOhno-FunabashiHoten_up_20240410_day,HD21,2024_0041_HD21_01_00004714.jpg,trolley2,1012.0,1020.0,1012.0,1020.0,8.0,0.3015113445777712,255.0,232.375,32.75,-0.0020311395070336377,,,0.1590576171875,0.1590576171875,0.0009312629699707031,,0.0,0.0
126,126652,34,39.676266,Musashino_007_IchikawaOhno-FunabashiHoten_up_20240410_day,HD21,2024_0041_HD21_01_00004714.jpg,trolley2,1012.0,1020.0,1012.0,1020.0,8.0,0.3144660377352272,253.0,237.5,29.421875,-0.002010416957214904,,,0.1590576171875,0.1590576171875,0.0009312629699707031,,0.0,0.0
126,126653,34,39.676268,Musashino_007_IchikawaOhno-FunabashiHoten_up_20240410_day,HD21,2024_0041_HD21_01_00004714.jpg,trolley2,1012.0,1020.0,1012.0,1020.0,8.0,0.3265986323710971,255.0,238.75,28.828125,-0.001980806373677148,,,0.1590576171875,0.1590576171875,0.0009312629699707031,,0.0,0.0
126,126654,34,39.67627,Musashino_007_IchikawaOhno-FunabashiHoten_up_20240410_day,HD21,2024_0041_HD21_01_00004714.jpg,trolley2,1012.0,1020.0,1012.0,1020.0,8.0,0.3379976689896374,253.0,237.75,29.140625,-0.0019433755304775141,,,0.1590576171875,0.1590576171875,0.0009312629699707031,,0.0,0.0
126,126655,34,39.676272,Musashino_007_IchikawaOhno-FunabashiHoten_up_20240410_day,HD21,2024_0041_HD21_01_00004714.jpg,trolley2,1012.0,1020.0,1012.0,1020.0,8.0,0.348735088019783,255.0,235.75,30.828125,-0.001899126174794473,,,0.1590576171875,0.1590576171875,0.0009312629699707031,,0.0,0.0
126,126656,34,39.676274,Musashino_007_IchikawaOhno-FunabashiHoten_up_20240410_day,HD21,2024_0041_HD21_01_00004714.jpg,trolley2,1012.0,1020.0,1012.0,1020.0,8.0,0.3588702812826424,255.0,238.625,28.9375,-0.0018489952746224498,,,0.1590576171875,0.1590576171875,0.0009312629699707031,,0.0,0.0
126,126657,34,39.676276,Musashino_007_IchikawaOhno-FunabashiHoten_up_20240410_day,HD21,2024_0041_HD21_01_00004714.jpg,trolley2,1012.0,1020.0,1012.0,1020.0,8.0,0.3684529491774761,255.0,234.5,34.125,-0.0017938564937489613,,,0.1590576171875,0.1590576171875,0.0009312629699707031,,0.0,0.0
126,126658,34,39.676278,Musashino_007_IchikawaOhno-FunabashiHoten_up_20240410_day,HD21,2024_0041_HD21_01_00004714.jpg,trolley2,1012.0,1020.0,1012.0,1020.0,8.0,0.37752516806864206,255.0,233.125,36.09375,-0.0017345218627859737,,,0.1590576171875,0.1590576171875,0.0009312629699707031,,0.0,0.0
126,126659,34,39.67628,Musashino_007_IchikawaOhno-FunabashiHoten_up_20240410_day,HD21,2024_0041_HD21_01_00004714.jpg,trolley2,1012.0,1020.0,1012.0,1020.0,8.0,0.38612291966537404,254.0,236.625,33.03125,-0.001671743617129946,,,0.1590576171875,0.1590576171875,0.0009312629699707031,,0.0,0.0
126,126660,34,39.676282,Musashino_007_IchikawaOhno-FunabashiHoten_up_20240410_day,HD21,2024_0041_HD21_01_00004714.jpg,trolley2,1012.0,1021.0,1012.0,1021.0,9.0,0.38612291966537404,255.0,226.75,46.25,0.0011294920602851377,,,0.1590576171875,0.1590576171875,0.0009312629699707031,,0.0,0.0
126,126661,34,39.676284,Musashino_007_IchikawaOhno-FunabashiHoten_up_20240410_day,HD21,2024_0041_HD21_01_00004714.jpg,trolley2,1012.0,1021.0,1012.0,1021.0,9.0,0.38612291966537404,255.0,228.5,44.46875,0.003639079338686737,,,0.1590576171875,0.1590576171875,0.0009312629699707031,,0.0,0.0
126,126662,34,39.676286,Musashino_007_IchikawaOhno-FunabashiHoten_up_20240410_day,HD21,2024_0041_HD21_01_00004714.jpg,trolley2,1012.0,1021.0,1012.0,1021.0,9.0,0.38612291966537404,255.0,227.25,46.15625,0.005873008541792997,,,0.1590576171875,0.1590576171875,0.0009312629699707031,,0.0,0.0
126,126663,34,39.676288,Musashino_007_IchikawaOhno-FunabashiHoten_up_20240410_day,HD21,2024_0041_HD21_01_00004714.jpg,trolley2,1012.0,1020.0,1012.0,1021.0,9.0,0.38612291966537404,251.0,223.5,50.25,0.005111440455611108,,,0.1590576171875,0.1590576171875,0.0009312629699707031,,0.0,0.0
126,126664,34,39.67629,Musashino_007_IchikawaOhno-FunabashiHoten_up_20240410_day,HD21,2024_0041_HD21_01_00004714.jpg,trolley2,1012.0,1020.0,1012.0,1021.0,9.0,0.38612291966537404,255.0,222.25,51.9375,0.0043995154718222875,,,0.1590576171875,0.1590576171875,0.0009312629699707031,,0.0,0.0
126,126665,34,39.676292000000004,Musashino_007_IchikawaOhno-FunabashiHoten_up_20240410_day,HD21,2024_0041_HD21_01_00004714.jpg,trolley2,1012.0,1020.0,1012.0,1021.0,9.0,0.38612291966537404,255.0,223.0,48.4375,0.0037360697965335317,,,0.1590576171875,0.1590576171875,0.0009312629699707031,,0.0,0.0
126,126666,34,39.676294,Musashino_007_IchikawaOhno-FunabashiHoten_up_20240410_day,HD21,2024_0041_HD21_01_00004714.jpg,trolley2,1012.0,1021.0,1012.0,1021.0,9.0,0.38612291966537404,253.0,223.75,46.46875,0.0058555012204020655,,,0.1590576171875,0.1590576171875,0.0009312629699707031,,0.0,0.0
126,126667,34,39.676296,Musashino_007_IchikawaOhno-FunabashiHoten_up_20240410_day,HD21,2024_0041_HD21_01_00004714.jpg,trolley2,1012.0,1020.0,1012.0,1021.0,9.0,0.38612291966537404,253.0,222.75,49.25,0.004991199390734361,,,0.1590576171875,0.1590576171875,0.0009312629699707031,,0.0,0.0
126,126668,34,39.676298,Musashino_007_IchikawaOhno-FunabashiHoten_up_20240410_day,HD21,2024_0041_HD21_01_00004714.jpg,trolley2,1012.0,1020.0,1012.0,1021.0,9.0,0.38612291966537404,255.0,221.875,52.03125,0.004187667948313763,,,0.1590576171875,0.1590576171875,0.0009312629699707031,,0.0,0.0
126,126669,34,39.6763,Musashino_007_IchikawaOhno-FunabashiHoten_up_20240410_day,HD21,2024_0041_HD21_01_00004714.jpg,trolley2,1012.0,1020.0,1012.0,1021.0,9.0,0.38612291966537404,255.0,223.25,49.84375,0.0034431103563845643,,,0.1590576171875,0.1590576171875,0.0009312629699707031,,0.0,0.0
126,126670,34,39.676302,Musashino_007_IchikawaOhno-FunabashiHoten_up_20240410_day,HD21,2024_0041_HD21_01_00004714.jpg,trolley2,1012.0,1020.0,1012.0,1021.0,9.0,0.38612291966537404,255.0,224.625,48.90625,0.002755590489259166,,,0.1590576171875,0.1590576171875,0.0009312629699707031,,0.0,0.0
126,126671,34,39.676304,Musashino_007_IchikawaOhno-FunabashiHoten_up_20240410_day,HD21,2024_0041_HD21_01_00004714.jpg,trolley2,1012.0,1020.0,1012.0,1021.0,9.0,0.38612291966537404,254.0,222.125,50.875,0.00212305745090457,,,0.1590576171875,0.1590576171875,0.0009312629699707031,,0.0,0.0
126,126672,34,39.676306000000004,Musashino_007_IchikawaOhno-FunabashiHoten_up_20240410_day,HD21,2024_0041_HD21_01_00004714.jpg,trolley2,1012.0,1020.0,1012.0,1021.0,9.0,0.38612291966537404,255.0,221.875,51.78125,0.0015433684922718672,,,0.1590576171875,0.1590576171875,0.0009312629699707031,,0.0,0.0
126,126673,34,39.676308,Musashino_007_IchikawaOhno-FunabashiHoten_up_20240410_day,HD21,2024_0041_HD21_01_00004714.jpg,trolley2,1012.0,1020.0,1012.0,1021.0,9.0,0.38612291966537404,255.0,223.375,51.4375,0.0010143100957308625,,,0.1590576171875,0.1590576171875,0.0009312629699707031,,0.0,0.0
126,126674,34,39.67631,Musashino_007_IchikawaOhno-FunabashiHoten_up_20240410_day,HD21,2024_0041_HD21_01_00004714.jpg,trolley2,1012.0,1020.0,1012.0,1021.0,9.0,0.38612291966537404,254.0,222.875,51.4375,0.0005336172980348155,,,0.1590576171875,0.1590576171875,0.0009312629699707031,,0.0,0.0
126,126675,34,39.676312,Musashino_007_IchikawaOhno-FunabashiHoten_up_20240410_day,HD21,2024_0041_HD21_01_00004714.jpg,trolley2,1012.0,1020.0,1012.0,1021.0,9.0,0.38612291966537404,253.0,221.625,51.4375,9.899132559995958e-05,,,0.1590576171875,0.1590576171875,0.0009312629699707031,,0.0,0.0
126,126676,34,39.676314,Musashino_007_IchikawaOhno-FunabashiHoten_up_20240410_day,HD21,2024_0041_HD21_01_00004714.jpg,trolley2,1012.0,1020.0,1012.0,1021.0,9.0,0.38612291966537404,253.0,222.75,50.96875,-0.00029188438239999433,,,0.1590576171875,0.1590576171875,0.0009312629699707031,,0.0,0.0
126,126677,34,39.676316,Musashino_007_IchikawaOhno-FunabashiHoten_up_20240410_day,HD21,2024_0041_HD21_01_00004714.jpg,trolley2,1012.0,1020.0,1012.0,1021.0,9.0,0.38612291966537404,254.0,224.125,49.84375,-0.00064132968650327,,,0.1590576171875,0.1590576171875,0.0009312629699707031,,0.0,0.0
126,126678,34,39.676318,Musashino_007_IchikawaOhno-FunabashiHoten_up_20240410_day,HD21,2024_0041_HD21_01_00004714.jpg,trolley2,1012.0,1020.0,1012.0,1021.0,9.0,0.38612291966537404,255.0,224.125,48.96875,-0.0009516547177679472,,,0.1590576171875,0.1590576171875,0.0009312629699707031,,0.0,0.0
126,126679,34,39.676320000000004,Musashino_007_IchikawaOhno-FunabashiHoten_up_20240410_day,HD21,2024_0041_HD21_01_00004714.jpg,trolley2,1012.0,1020.0,1012.0,1021.0,9.0,0.38612291966537404,255.0,223.875,48.90625,-0.0012251482295953335,,,0.1590576171875,0.1590576171875,0.0009312629699707031,,0.0,0.0
126,126680,34,39.676322,Musashino_007_IchikawaOhno-FunabashiHoten_up_20240410_day,HD21,2024_0041_HD21_01_00004714.jpg,trolley2,1012.0,1020.0,1012.0,1021.0,9.0,0.38612291966537404,254.0,225.375,48.875,-0.0014640672535635815,,,0.1590576171875,0.1590576171875,0.0009312629699707031,,0.0,0.0
126,126681,34,39.676324,Musashino_007_IchikawaOhno-FunabashiHoten_up_20240410_day,HD21,2024_0041_HD21_01_00004714.jpg,trolley2,1012.0,1020.0,1012.0,1021.0,9.0,0.38612291966537404,254.0,222.25,49.125,-0.0016706279829770121,,,0.1590576171875,0.1590576171875,0.0009312629699707031,,0.0,0.0
126,126682,34,39.676326,Musashino_007_IchikawaOhno-FunabashiHoten_up_20240410_day,HD21,2024_0041_HD21_01_00004714.jpg,trolley2,1012.0,1020.0,1012.0,1021.0,9.0,0.38612291966537404,255.0,224.25,48.875,-0.0018469978088971664,,,0.1590576171875,0.1590576171875,0.0009312629699707031,,0.0,0.0
126,126683,34,39.676328,Musashino_007_IchikawaOhno-FunabashiHoten_up_20240410_day,HD21,2024_0041_HD21_01_00004714.jpg,trolley2,1012.0,1020.0,1012.0,1021.0,9.0,0.37752516806864206,255.0,224.75,47.8125,-0.001995288434786644,,,0.1590576171875,0.1590576171875,0.0009312629699707031,,0.0,0.0
126,126684,34,39.67633,Musashino_007_IchikawaOhno-FunabashiHoten_up_20240410_day,HD21,2024_0041_HD21_01_00004714.jpg,trolley2,1012.0,1021.0,1012.0,1021.0,9.0,0.3684529491774761,255.0,226.625,46.65625,0.0006181582375519093,,,0.1590576171875,0.1590576171875,0.0009312629699707031,,0.0,0.0
126,126685,34,39.676332,Musashino_007_IchikawaOhno-FunabashiHoten_up_20240410_day,HD21,2024_0041_HD21_01_00004714.jpg,trolley2,1012.0,1021.0,1012.0,1021.0,9.0,0.3684529491774761,255.0,227.25,45.03125,0.0029618914433045098,,,0.1590576171875,0.1590576171875,0.0009312629699707031,,0.0,0.0
126,126686,34,39.676334000000004,Musashino_007_IchikawaOhno-FunabashiHoten_up_20240410_day,HD21,2024_0041_HD21_01_00004714.jpg,trolley2,1012.0,1021.0,1012.0,1021.0,9.0,0.3684529491774761,255.0,229.75,43.1875,0.005050573616608977,,,0.1590576171875,0.1590576171875,0.0009312629699707031,,0.0,0.0
126,126687,34,39.676336,Musashino_007_IchikawaOhno-FunabashiHoten_up_20240410_day,HD21,2024_0041_HD21_01_00004714.jpg,trolley2,1012.0,1021.0,1012.0,1021.0,9.0,0.3684529491774761,255.0,229.375,42.875,0.006898768461888132,,,0.1590576171875,0.1590576171875,0.0009312629699707031,,0.0,0.0
126,126688,34,39.676338,Musashino_007_IchikawaOhno-FunabashiHoten_up_20240410_day,HD21,2024_0041_HD21_01_00004714.jpg,trolley2,1012.0,1020.0,1012.0,1021.0,9.0,0.3684529491774761,255.0,227.25,45.09375,0.005785163096045365,,,0.1590576171875,0.1590576171875,0.0009312629699707031,,0.0,0.0
126,126689,34,39.67634,Musashino_007_IchikawaOhno-FunabashiHoten_up_20240410_day,HD21,2024_0041_HD21_01_00004714.jpg,trolley2,1012.0,1020.0,1012.0,1021.0,9.0,0.3684529491774761,253.0,223.5,46.53125,0.004753390049660209,,,0.1590576171875,0.1590576171875,0.0009312629699707031,,0.0,0.0
126,126690,34,39.676342,Musashino_007_IchikawaOhno-FunabashiHoten_up_20240410_day,HD21,2024_0041_HD21_01_00004714.jpg,trolley2,1012.0,1020.0,1012.0,1021.0,9.0,0.3684529491774761,255.0,221.75,48.3125,0.0038007552103158032,,,0.1590576171875,0.1590576171875,0.0009312629699707031,,0.0,0.0
126,126691,34,39.676344,Musashino_007_IchikawaOhno-FunabashiHoten_up_20240410_day,HD21,2024_0041_HD21_01_00004714.jpg,trolley2,1012.0,1020.0,1012.0,1021.0,9.0,0.3684529491774761,254.0,221.625,48.375,0.0029244060192608256,,,0.1590576171875,0.1590576171875,0.0009312629699707031,,0.0,0.0
126,126692,34,39.676346,Musashino_007_IchikawaOhno-FunabashiHoten_up_20240410_day,HD21,2024_0041_HD21_01_00004714.jpg,trolley2,1012.0,1020.0,1012.0,1021.0,9.0,0.3684529491774761,254.0,224.75,46.03125,0.0021213632259043614,,,0.1590576171875,0.1590576171875,0.0009312629699707031,,0.0,0.0
126,126693,34,39.676348,Musashino_007_IchikawaOhno-FunabashiHoten_up_20240410_day,HD21,2024_0041_HD21_01_00004714.jpg,trolley2,1012.0,1020.0,1012.0,1021.0,9.0,0.3684529491774761,255.0,223.25,46.875,0.0013885500994539346,,,0.1590576171875,0.1590576171875,0.0009312629699707031,,0.0,0.0
126,126694,34,39.67635,Musashino_007_IchikawaOhno-FunabashiHoten_up_20240410_day,HD21,2024_0041_HD21_01_00004714.jpg,trolley2,1013.0,1020.0,1012.0,1021.0,9.0,0.3684529491774761,253.0,217.75,49.9375,0.003458527432075681,,,0.1590576171875,0.1590576171875,0.0009312629699707031,,0.0,0.0
126,126695,34,39.676352,Musashino_007_IchikawaOhno-FunabashiHoten_up_20240410_day,HD21,2024_0041_HD21_01_00004714.jpg,trolley2,1013.0,1020.0,1012.0,1021.0,9.0,0.3684529491774761,255.0,220.25,48.5,0.005298634358307986,,,0.1590576171875,0.1590576171875,0.0009312629699707031,,0.0,0.0
126,126696,34,39.676354,Musashino_007_IchikawaOhno-FunabashiHoten_up_20240410_day,HD21,2024_0041_HD21_01_00004714.jpg,trolley2,1013.0,1021.0,1012.0,1021.0,9.0,0.3684529491774761,255.0,221.25,48.875,0.009657936767732519,,,0.1590576171875,0.1590576171875,0.0009312629699707031,,0.0,0.0
126,126697,34,39.676356,Musashino_007_IchikawaOhno-FunabashiHoten_up_20240410_day,HD21,2024_0041_HD21_01_00004714.jpg,trolley2,1012.0,1021.0,1012.0,1021.0,9.0,0.3684529491774761,255.0,224.125,47.65625,0.01078444032109429,,,0.1590576171875,0.1590576171875,0.0009312629699707031,,0.0,0.0
126,126698,34,39.676358,Musashino_007_IchikawaOhno-FunabashiHoten_up_20240410_day,HD21,2024_0041_HD21_01_00004714.jpg,trolley2,1012.0,1021.0,1012.0,1021.0,9.0,0.3684529491774761,255.0,224.75,46.78125,0.011737137924764454,,,0.1590576171875,0.1590576171875,0.0009312629699707031,,0.0,0.0
126,126699,34,39.67636,Musashino_007_IchikawaOhno-FunabashiHoten_up_20240410_day,HD21,2024_0041_HD21_01_00004714.jpg,trolley2,1012.0,1021.0,1012.0,1021.0,9.0,0.3684529491774761,255.0,224.75,45.96875,0.012528529199543809,,,0.1590576171875,0.1590576171875,0.0009312629699707031,,0.0,0.0
126,126700,34,39.676362,Musashino_007_IchikawaOhno-FunabashiHoten_up_20240410_day,HD21,2024_0041_HD21_01_00004714.jpg,trolley2,1012.0,1021.0,1012.0,1021.0,9.0,0.3684529491774761,255.0,226.625,45.28125,0.013170722528302448,,,0.1590576171875,0.1590576171875,0.0009312629699707031,,0.0,0.0
126,126701,34,39.676364,Musashino_007_IchikawaOhno-FunabashiHoten_up_20240410_day,HD21,2024_0041_HD21_01_00004714.jpg,trolley2,1012.0,1021.0,1012.0,1021.0,9.0,0.3684529491774761,254.0,227.375,45.15625,0.013675408676270852,,,0.1590576171875,0.158935546875,0.0009312629699707031,,0.0,0.0
126,126702,34,39.676366,Musashino_007_IchikawaOhno-FunabashiHoten_up_20240410_day,HD21,2024_0041_HD21_01_00004714.jpg,trolley2,1012.0,1021.0,1012.0,1021.0,9.0,0.3684529491774761,255.0,226.75,46.15625,0.014053839384595042,,,0.1590576171875,0.158935546875,0.0009312629699707031,,0.0,0.0
126,126703,34,39.676368000000004,Musashino_007_IchikawaOhno-FunabashiHoten_up_20240410_day,HD21,2024_0041_HD21_01_00004714.jpg,trolley2,1012.0,1021.0,1012.0,1021.0,9.0,0.3684529491774761,255.0,225.75,46.8125,0.01431681054746486,,,0.1590576171875,0.158935546875,0.0009312629699707031,,0.0,0.0
126,126704,34,39.67637,Musashino_007_IchikawaOhno-FunabashiHoten_up_20240410_day,HD21,2024_0041_HD21_01_00004714.jpg,trolley2,1012.0,1021.0,1012.0,1021.0,9.0,0.3684529491774761,255.0,226.125,46.125,0.01447464959775767,,,0.1590576171875,0.158935546875,0.0009312629699707031,,0.0,0.0
126,126705,34,39.676372,Musashino_007_IchikawaOhno-FunabashiHoten_up_20240410_day,HD21,2024_0041_HD21_01_00004714.jpg,trolley2,1012.0,1021.0,1012.0,1021.0,9.0,0.3684529491774761,255.0,227.375,45.9375,0.014537206741331892,,,0.1590576171875,0.158935546875,0.0009312629699707031,,0.0,0.0
126,126706,34,39.676374,Musashino_007_IchikawaOhno-FunabashiHoten_up_20240410_day,HD21,2024_0041_HD21_01_00004714.jpg,trolley2,1012.0,1021.0,1012.0,1021.0,9.0,0.3684529491774761,255.0,226.625,45.9375,0.014513849695726621,,,0.1590576171875,0.158935546875,0.0009312629699707031,,0.0,0.0
126,126707,34,39.676376,Musashino_007_IchikawaOhno-FunabashiHoten_up_20240410_day,HD21,2024_0041_HD21_01_00004714.jpg,trolley2,1012.0,1021.0,1012.0,1021.0,9.0,0.3684529491774761,255.0,224.5,46.34375,0.014413461604923055,,,0.1590576171875,0.158935546875,0.0009312629699707031,,0.0,0.0
126,126708,34,39.676378,Musashino_007_IchikawaOhno-FunabashiHoten_up_20240410_day,HD21,2024_0041_HD21_01_00004714.jpg,trolley2,1012.0,1021.0,1012.0,1021.0,9.0,0.3684529491774761,255.0,223.625,46.96875,0.014244441817912417,,,0.1590576171875,0.158935546875,0.0009312629699707031,,0.0,0.0
126,126709,34,39.67638,Musashino_007_IchikawaOhno-FunabashiHoten_up_20240410_day,HD21,2024_0041_HD21_01_00004714.jpg,trolley2,1013.0,1020.0,1012.0,1021.0,9.0,0.3684529491774761,255.0,221.75,48.09375,0.014014709234965752,,,0.1590576171875,0.158935546875,0.0009312629699707031,,0.0,0.0
126,126710,34,39.676382000000004,Musashino_007_IchikawaOhno-FunabashiHoten_up_20240410_day,HD21,2024_0041_HD21_01_00004714.jpg,trolley2,1013.0,1020.0,1012.0,1021.0,9.0,0.3684529491774761,254.0,219.5,49.5,0.013731707941626746,,,0.1590576171875,0.158935546875,0.0009312629699707031,,0.0,0.0
126,126711,34,39.676384,Musashino_007_IchikawaOhno-FunabashiHoten_up_20240410_day,HD21,2024_0041_HD21_01_00004714.jpg,trolley2,1013.0,1020.0,1012.0,1021.0,9.0,0.3684529491774761,254.0,219.25,49.9375,0.013402414866464665,,,0.1590576171875,0.158935546875,0.0009312629699707031,,0.0,0.0
126,126712,34,39.676386,Musashino_007_IchikawaOhno-FunabashiHoten_up_20240410_day,HD21,2024_0041_HD21_01_00004714.jpg,trolley2,1013.0,1020.0,1012.0,1021.0,9.0,0.3684529491774761,255.0,221.25,48.625,0.013033349214450493,,,0.1590576171875,0.158935546875,0.0009312629699707031,,0.0,0.0
126,126713,34,39.676388,Musashino_007_IchikawaOhno-FunabashiHoten_up_20240410_day,HD21,2024_0041_HD21_01_00004714.jpg,trolley2,1013.0,1020.0,1012.0,1021.0,9.0,0.3684529491774761,254.0,219.0,48.9375,0.012630583443393358,,,0.1590576171875,0.158935546875,0.0009312629699707031,,0.0,0.0
126,126714,34,39.67639,Musashino_007_IchikawaOhno-FunabashiHoten_up_20240410_day,HD21,2024_0041_HD21_01_00004714.jpg,trolley2,1013.0,1020.0,1012.0,1021.0,9.0,0.3684529491774761,254.0,216.0,49.6875,0.012199755566128009,,,0.1590576171875,0.158935546875,0.0009312629699707031,,0.0,0.0
126,126715,34,39.676392,Musashino_007_IchikawaOhno-FunabashiHoten_up_20240410_day,HD21,2024_0041_HD21_01_00004714.jpg,trolley2,1013.0,1020.0,1012.0,1021.0,9.0,0.3684529491774761,255.0,219.625,48.40625,0.01174608257604139,,,0.1590576171875,0.158935546875,0.0009312629699707031,,0.0,0.0
126,126716,34,39.676394,Musashino_007_IchikawaOhno-FunabashiHoten_up_20240410_day,HD21,2024_0041_HD21_01_00004714.jpg,trolley2,1013.0,1020.0,1012.0,1021.0,9.0,0.3684529491774761,255.0,219.875,48.34375,0.011274374808002169,,,0.1590576171875,0.158935546875,0.0009312629699707031,,0.0,0.0
126,126717,34,39.676396000000004,Musashino_007_IchikawaOhno-FunabashiHoten_up_20240410_day,HD21,2024_0041_HD21_01_00004714.jpg,trolley2,1013.0,1020.0,1012.0,1021.0,9.0,0.3684529491774761,255.0,216.5,49.28125,0.010789051060792552,,,0.1590576171875,0.158935546875,0.0009312629699707031,,0.0,0.0
126,126718,34,39.676398,Musashino_007_IchikawaOhno-FunabashiHoten_up_20240410_day,HD21,2024_0041_HD21_01_00004714.jpg,trolley2,1013.0,1020.0,1012.0,1021.0,9.0,0.3684529491774761,255.0,220.125,47.59375,0.010294154320700945,,,0.1590576171875,0.158935546875,0.0009312629699707031,,0.0,0.0
126,126719,34,39.6764,Musashino_007_IchikawaOhno-FunabashiHoten_up_20240410_day,HD21,2024_0041_HD21_01_00004714.jpg,trolley2,1012.0,1020.0,1012.0,1021.0,9.0,0.3684529491774761,254.0,222.75,46.15625,0.007057659703914518,,,0.1590576171875,0.158935546875,0.0009312629699707031,,0.0,0.0
126,126720,34,39.676402,Musashino_007_IchikawaOhno-FunabashiHoten_up_20240410_day,HD21,2024_0041_HD21_01_00004714.jpg,trolley2,1012.0,1021.0,1012.0,1021.0,9.0,0.3684529491774761,255.0,227.75,45.0,0.006848082795834269,,,0.1590576171875,0.158935546875,0.0009312629699707031,,0.0,0.0
126,126721,34,39.676404,Musashino_007_IchikawaOhno-FunabashiHoten_up_20240410_day,HD21,2024_0041_HD21_01_00004714.jpg,trolley2,1012.0,1021.0,1012.0,1021.0,9.0,0.3684529491774761,254.0,225.625,45.625,0.006622394749686948,,,0.1590576171875,0.158935546875,0.0009312629699707031,,0.0,0.0
126,126722,34,39.676406,Musashino_007_IchikawaOhno-FunabashiHoten_up_20240410_day,HD21,2024_0041_HD21_01_00004714.jpg,trolley2,1012.0,1021.0,1012.0,1021.0,9.0,0.3684529491774761,255.0,226.375,45.625,0.006383472253498486,,,0.1590576171875,0.158935546875,0.0009312629699707031,,0.0,0.0
126,126723,34,39.676408,Musashino_007_IchikawaOhno-FunabashiHoten_up_20240410_day,HD21,2024_0041_HD21_01_00004714.jpg,trolley2,1012.0,1021.0,1012.0,1021.0,9.0,0.3684529491774761,255.0,225.875,45.5625,0.006133971248803737,,,0.1590576171875,0.158935546875,0.0009312629699707031,,0.0,0.0
126,126724,34,39.676410000000004,Musashino_007_IchikawaOhno-FunabashiHoten_up_20240410_day,HD21,2024_0041_HD21_01_00004714.jpg,trolley2,1012.0,1021.0,1012.0,1021.0,9.0,0.3684529491774761,254.0,226.25,44.4375,0.005876334894728007,,,0.1590576171875,0.158935546875,0.0009312629699707031,,0.0,0.0
126,126725,34,39.676412,Musashino_007_IchikawaOhno-FunabashiHoten_up_20240410_day,HD21,2024_0041_HD21_01_00004714.jpg,trolley2,1012.0,1021.0,1012.0,1021.0,9.0,0.3684529491774761,255.0,226.75,43.71875,0.005612801884688512,,,0.1590576171875,0.158935546875,0.0009312629699707031,,0.0,0.0
126,126726,34,39.676414,Musashino_007_IchikawaOhno-FunabashiHoten_up_20240410_day,HD21,2024_0041_HD21_01_00004714.jpg,trolley2,1013.0,1021.0,1012.0,1021.0,9.0,0.3684529491774761,254.0,223.625,45.3125,0.008081123269339283,,,0.1590576171875,0.158935546875,0.0009312629699707031,,0.0,0.0
126,126727,34,39.676416,Musashino_007_IchikawaOhno-FunabashiHoten_up_20240410_day,HD21,2024_0041_HD21_01_00004714.jpg,trolley2,1013.0,1021.0,1012.0,1021.0,9.0,0.3684529491774761,255.0,222.625,46.3125,0.010253687633312691,,,0.1590576171875,0.158935546875,0.0009312629699707031,,0.0,0.0
126,126728,34,39.676418,Musashino_007_IchikawaOhno-FunabashiHoten_up_20240410_day,HD21,2024_0041_HD21_01_00004714.jpg,trolley2,1013.0,1021.0,1012.0,1021.0,9.0,0.3684529491774761,253.0,224.25,42.875,0.012148747994691528,,,0.1590576171875,0.158935546875,0.0009312629699707031,,0.0,0.0
126,126729,34,39.67642,Musashino_007_IchikawaOhno-FunabashiHoten_up_20240410_day,HD21,2024_0041_HD21_01_00004714.jpg,trolley2,1013.0,1021.0,1012.0,1021.0,9.0,0.3684529491774761,254.0,222.875,45.375,0.01378421558197025,,,0.1590576171875,0.158935546875,0.0009312629699707031,,0.0,0.0
126,126730,34,39.676422,Musashino_007_IchikawaOhno-FunabashiHoten_up_20240410_day,HD21,2024_0041_HD21_01_00004714.jpg,trolley2,1013.0,1021.0,1012.0,1021.0,9.0,0.3684529491774761,255.0,221.125,46.4375,0.015177596665377721,,,0.1590576171875,0.158935546875,0.0009312629699707031,,0.0,0.0
126,126731,34,39.676424,Musashino_007_IchikawaOhno-FunabashiHoten_up_20240410_day,HD21,2024_0041_HD21_01_00004714.jpg,trolley2,1013.0,1021.0,1012.0,1021.0,9.0,0.3684529491774761,255.0,222.125,46.5,0.016345938041289497,,,0.1590576171875,0.158935546875,0.0009312629699707031,,0.0,0.0
126,126732,34,39.676426,Musashino_007_IchikawaOhno-FunabashiHoten_up_20240410_day,HD21,2024_0041_HD21_01_00004714.jpg,trolley2,1013.0,1021.0,1012.0,1021.0,9.0,0.3684529491774761,255.0,220.375,46.9375,0.01730578058619242,,,0.1590576171875,0.158935546875,0.0009312629699707031,,0.0,0.0
126,126733,34,39.676428,Musashino_007_IchikawaOhno-FunabashiHoten_up_20240410_day,HD21,2024_0041_HD21_01_00004714.jpg,trolley2,1013.0,1021.0,1012.0,1021.0,9.0,0.3684529491774761,254.0,219.625,48.3125,0.01807312031197143,,,0.1590576171875,0.158935546875,0.0009312629699707031,,0.0,0.0
126,126734,34,39.67643,Musashino_007_IchikawaOhno-FunabashiHoten_up_20240410_day,HD21,2024_0041_HD21_01_00004714.jpg,trolley2,1013.0,1020.0,1012.0,1021.0,9.0,0.3684529491774761,254.0,217.25,48.59375,0.01592766813609287,,,0.1590576171875,0.158935546875,0.0009312629699707031,,0.0,0.0
126,126735,34,39.676432,Musashino_007_IchikawaOhno-FunabashiHoten_up_20240410_day,HD21,2024_0041_HD21_01_00004714.jpg,trolley2,1013.0,1020.0,1012.0,1021.0,9.0,0.3684529491774761,255.0,217.75,48.6875,0.013913707911304947,,,0.1590576171875,0.158935546875,0.0009312629699707031,,0.0,0.0
126,126736,34,39.676434,Musashino_007_IchikawaOhno-FunabashiHoten_up_20240410_day,HD21,2024_0041_HD21_01_00004714.jpg,trolley2,1013.0,1020.0,1012.0,1021.0,9.0,0.3684529491774761,255.0,214.0,48.1875,0.01202885876385835,,,0.1590576171875,0.158935546875,0.0009312629699707031,,0.0,0.0
126,126737,34,39.676436,Musashino_007_IchikawaOhno-FunabashiHoten_up_20240410_day,HD21,2024_0041_HD21_01_00004714.jpg,trolley2,1013.0,1020.0,1012.0,1021.0,9.0,0.3684529491774761,255.0,211.75,49.5625,0.010270276029740226,,,0.1590576171875,0.158935546875,0.0009312629699707031,,0.0,0.0
126,126738,34,39.676438,Musashino_007_IchikawaOhno-FunabashiHoten_up_20240410_day,HD21,2024_0041_HD21_01_00004714.jpg,trolley2,1013.0,1020.0,1012.0,1021.0,9.0,0.3684529491774761,255.0,213.0,48.9375,0.00863471408297927,,,0.1590576171875,0.158935546875,0.0009312629699707031,,0.0,0.0
126,126739,34,39.67644,Musashino_007_IchikawaOhno-FunabashiHoten_up_20240410_day,HD21,2024_0041_HD21_01_00004714.jpg,trolley2,1013.0,1021.0,1012.0,1021.0,9.0,0.3684529491774761,255.0,216.25,47.0625,0.009854293190135588,,,0.1590576171875,0.158935546875,0.0009312629699707031,,0.0,0.0
126,126740,34,39.676442,Musashino_007_IchikawaOhno-FunabashiHoten_up_20240410_day,HD21,2024_0041_HD21_01_00004714.jpg,trolley2,1013.0,1021.0,1012.0,1021.0,9.0,0.3684529491774761,255.0,220.625,44.21875,0.010895670421340733,,,0.1590576171875,0.158935546875,0.0009312629699707031,,0.0,0.0
126,126741,34,39.676444000000004,Musashino_007_IchikawaOhno-FunabashiHoten_up_20240410_day,HD21,2024_0041_HD21_01_00004714.jpg,trolley2,1013.0,1021.0,1012.0,1021.0,9.0,0.3684529491774761,254.0,218.125,45.46875,0.011771308174513762,,,0.1590576171875,0.158935546875,0.0009312629699707031,,0.0,0.0
126,126742,34,39.676446,Musashino_007_IchikawaOhno-FunabashiHoten_up_20240410_day,HD21,2024_0041_HD21_01_00004714.jpg,trolley2,1013.0,1021.0,1012.0,1021.0,9.0,0.3684529491774761,253.0,217.75,46.375,0.012493305658558582,,,0.1590576171875,0.158935546875,0.0009312629699707031,,0.0,0.0
126,126743,34,39.676448,Musashino_007_IchikawaOhno-FunabashiHoten_up_20240410_day,HD21,2024_0041_HD21_01_00004714.jpg,trolley2,1013.0,1021.0,1012.0,1021.0,9.0,0.3684529491774761,254.0,219.25,46.59375,0.013073369705439802,,,0.1590576171875,0.158935546875,0.0009312629699707031,,0.0,0.0
126,126744,34,39.67645,Musashino_007_IchikawaOhno-FunabashiHoten_up_20240410_day,HD21,2024_0041_HD21_01_00004714.jpg,trolley2,1013.0,1021.0,1012.0,1021.0,9.0,0.3588702812826424,255.0,222.25,45.21875,0.013522790703601075,,,0.1590576171875,0.158935546875,0.0009312629699707031,,0.0,0.0
126,126745,34,39.676452,Musashino_007_IchikawaOhno-FunabashiHoten_up_20240410_day,HD21,2024_0041_HD21_01_00004714.jpg,trolley2,1013.0,1021.0,1012.0,1021.0,9.0,0.348735088019783,255.0,221.875,44.90625,0.013852423262495113,,,0.1590576171875,0.158935546875,0.0009312629699707031,,0.0,0.0
126,126746,34,39.676454,Musashino_007_IchikawaOhno-FunabashiHoten_up_20240410_day,HD21,2024_0041_HD21_01_00004714.jpg,trolley2,1013.0,1020.0,1012.0,1021.0,9.0,0.3379976689896374,255.0,223.375,44.375,0.011336962996819036,,,0.1590576171875,0.158935546875,0.0009312629699707031,,0.0,0.0
126,126747,34,39.676456,Musashino_007_IchikawaOhno-FunabashiHoten_up_20240410_day,HD21,2024_0041_HD21_01_00004714.jpg,trolley2,1013.0,1020.0,1012.0,1021.0,9.0,0.3265986323710971,255.0,222.625,45.125,0.009015819146453117,,,0.1590576171875,0.158935546875,0.0009312629699707031,,0.0,0.0
126,126748,34,39.676458000000004,Musashino_007_IchikawaOhno-FunabashiHoten_up_20240410_day,HD21,2024_0041_HD21_01_00004714.jpg,trolley2,1013.0,1021.0,1012.0,1021.0,9.0,0.3144660377352272,255.0,223.25,43.40625,0.009617597483350072,,,0.1590576171875,0.158935546875,0.0009312629699707031,,0.0,0.0
126,126749,34,39.67646,Musashino_007_IchikawaOhno-FunabashiHoten_up_20240410_day,HD21,2024_0041_HD21_01_00004714.jpg,trolley2,1012.0,1021.0,1012.0,1021.0,9.0,0.3015113445777712,255.0,227.375,40.875,0.007369719644467399,,,0.1590576171875,0.158935546875,0.0009312629699707031,,0.0,0.0
126,126750,34,39.676462,Musashino_007_IchikawaOhno-FunabashiHoten_up_20240410_day,HD21,2024_0041_HD21_01_00004714.jpg,trolley2,1012.0,1021.0,1012.0,1021.0,9.0,0.2876234912646694,255.0,227.125,41.1875,0.005310595857031409,,,0.1590576171875,0.158935546875,0.0009312629699707031,,0.0,0.0
126,126751,34,39.676464,Musashino_007_IchikawaOhno-FunabashiHoten_up_20240410_day,HD21,2024_0041_HD21_01_00004714.jpg,trolley2,1012.0,1021.0,1012.0,1021.0,9.0,0.2726599243442994,255.0,225.25,43.46875,0.0034322568867198562,,,0.1590576171875,0.158935546875,0.0009312629699707031,,0.0,0.0
126,126752,34,39.676466,Musashino_007_IchikawaOhno-FunabashiHoten_up_20240410_day,HD21,2024_0041_HD21_01_00004714.jpg,trolley2,1013.0,1021.0,1012.0,1021.0,9.0,0.2564323999762523,252.0,226.25,40.6875,0.004462264714415304,,,0.1590576171875,0.158935546875,0.0009312629699707031,,0.0,0.0
126,126753,34,39.676468,Musashino_007_IchikawaOhno-FunabashiHoten_up_20240410_day,HD21,2024_0041_HD21_01_00004714.jpg,trolley2,1013.0,1021.0,1012.0,1021.0,9.0,0.23868325657595243,253.0,225.0,42.09375,0.0053628915398124845,,,0.1590576171875,0.158935546875,0.0009312629699707031,,0.0,0.0
126,126754,34,39.67647,Musashino_007_IchikawaOhno-FunabashiHoten_up_20240410_day,HD21,2024_0041_HD21_01_00004714.jpg,trolley2,1013.0,1021.0,1012.0,1021.0,9.0,0.21904291355760194,254.0,227.25,39.25,0.006142394624674742,,,0.1590576171875,0.158935546875,0.0009312629699707031,,0.0,0.0
126,126755,34,39.676472000000004,Musashino_007_IchikawaOhno-FunabashiHoten_up_20240410_day,HD21,2024_0041_HD21_01_00004714.jpg,trolley2,1013.0,1021.0,1012.0,1021.0,9.0,0.19694638556694563,255.0,226.0,38.53125,0.006808852467713607,,,0.1590576171875,0.158935546875,0.0009312629699707031,,0.0,0.0
126,126756,34,39.676474,Musashino_007_IchikawaOhno-FunabashiHoten_up_20240410_day,HD21,2024_0041_HD21_01_00004714.jpg,trolley2,1013.0,1021.0,1012.0,1021.0,9.0,0.1714466079977809,255.0,224.5,41.4375,0.007370138821154037,,,0.1590576171875,0.158935546875,0.0009312629699707031,,0.0,0.0
126,126757,34,39.676476,Musashino_007_IchikawaOhno-FunabashiHoten_up_20240410_day,HD21,2024_0041_HD21_01_00004714.jpg,trolley2,1013.0,1021.0,1012.0,1021.0,9.0,0.14070529413630914,255.0,226.125,40.53125,0.00783390047547118,,,0.1590576171875,0.158935546875,0.0009312629699707031,,0.0,0.0
126,126758,34,39.676478,Musashino_007_IchikawaOhno-FunabashiHoten_up_20240410_day,HD21,2024_0041_HD21_01_00004714.jpg,trolley2,1012.0,1021.0,1012.0,1021.0,9.0,0.10000000000002807,254.0,231.5,37.125,0.005471830314779752,,,0.1590576171875,0.158935546875,0.0009312629699707031,,0.0,0.0
126,126759,34,39.67648,Musashino_007_IchikawaOhno-FunabashiHoten_up_20240410_day,HD21,2024_0041_HD21_01_00004714.jpg,trolley2,1013.0,1021.0,1012.0,1021.0,9.0,7.585841423163237e-08,252.0,227.25,42.75,0.006056243700870439,,,0.1590576171875,0.158935546875,0.0009312629699707031,,0.0,0.0
126,126760,34,39.676482,Musashino_007_IchikawaOhno-FunabashiHoten_up_20240410_day,HD21,2024_0041_HD21_01_00004714.jpg,trolley2,1013.0,1021.0,1012.0,1021.0,9.0,7.585841423163237e-08,255.0,219.75,42.5625,0.006547964424339118,,,0.1590576171875,0.158935546875,0.0009312629699707031,,0.0,0.0
126,126761,34,39.676484,Musashino_007_IchikawaOhno-FunabashiHoten_up_20240410_day,HD21,2024_0041_HD21_01_00004714.jpg,trolley2,1013.0,1021.0,1012.0,1021.0,9.0,7.585841423163237e-08,254.0,211.125,44.8125,0.006953748205217196,,,0.1590576171875,0.158935546875,0.0009312629699707031,,0.0,0.0
126,126762,34,39.676486000000004,Musashino_007_IchikawaOhno-FunabashiHoten_up_20240410_day,HD21,2024_0041_HD21_01_00004714.jpg,trolley2,1013.0,1021.0,1012.0,1021.0,9.0,7.585841423163237e-08,255.0,213.375,44.125,0.007280132498055758,,,0.1590576171875,0.158935546875,0.0009312629699707031,,0.0,0.0
126,126763,34,39.676488,Musashino_007_IchikawaOhno-FunabashiHoten_up_20240410_day,HD21,2024_0041_HD21_01_00004714.jpg,trolley2,1013.0,1021.0,1012.0,1021.0,9.0,7.585841423163237e-08,255.0,215.625,43.53125,0.007533422965799028,,,0.1590576171875,0.158935546875,0.0009312629699707031,,0.0,0.0
126,126764,34,39.67649,Musashino_007_IchikawaOhno-FunabashiHoten_up_20240410_day,HD21,2024_0041_HD21_01_00004714.jpg,trolley2,1013.0,1021.0,1012.0,1021.0,9.0,7.585841423163237e-08,255.0,219.875,42.53125,0.007719682600307187,,,0.1590576171875,0.158935546875,0.0009312629699707031,,0.0,0.0
126,126765,34,39.676492,Musashino_007_IchikawaOhno-FunabashiHoten_up_20240410_day,HD21,2024_0041_HD21_01_00004714.jpg,trolley2,1013.0,1021.0,1012.0,1021.0,9.0,7.585841423163237e-08,255.0,222.5,41.875,0.007844723279342795,,,0.1590576171875,0.158935546875,0.0009312629699707031,,0.0,0.0
126,126766,34,39.676494,Musashino_007_IchikawaOhno-FunabashiHoten_up_20240410_day,HD21,2024_0041_HD21_01_00004714.jpg,trolley2,1013.0,1021.0,1012.0,1021.0,9.0,7.585841423163237e-08,254.0,225.0,40.78125,0.007914099557913643,,,0.1590576171875,0.158935546875,0.0009312629699707031,,0.0,0.0
126,126767,34,39.676496,Musashino_007_IchikawaOhno-FunabashiHoten_up_20240410_day,HD21,2024_0041_HD21_01_00004714.jpg,trolley2,1013.0,1021.0,1012.0,1022.0,10.0,0.1000000000000295,254.0,213.75,53.34375,0.007933104500252912,,,0.1590576171875,0.158935546875,0.0009312629699707031,,0.0,0.0
126,126768,34,39.676498,Musashino_007_IchikawaOhno-FunabashiHoten_up_20240410_day,HD21,2024_0041_HD21_01_00004714.jpg,trolley2,1013.0,1021.0,1012.0,1022.0,10.0,0.14070529413631117,253.0,216.125,53.46875,0.007906767367274132,,,0.1590576171875,0.158935546875,0.0009312629699707031,,0.0,0.0
126,126769,34,39.6765,Musashino_007_IchikawaOhno-FunabashiHoten_up_20240410_day,HD21,2024_0041_HD21_01_00004714.jpg,trolley2,1013.0,1021.0,1013.0,1022.0,9.0,0.14070529413631117,254.0,222.875,50.25,0.007839852983074188,,,0.1590576171875,0.158935546875,0.0009312629699707031,,0.0,0.0
126,126770,34,39.676502,Musashino_007_IchikawaOhno-FunabashiHoten_up_20240410_day,HD21,2024_0041_HD21_01_00004714.jpg,trolley2,1013.0,1021.0,1013.0,1022.0,9.0,0.14070529413631117,255.0,225.0,50.0,0.00773686261283819,,,0.1590576171875,0.158935546875,0.0009312629699707031,,0.0,0.0
126,126771,34,39.676504,Musashino_007_IchikawaOhno-FunabashiHoten_up_20240410_day,HD21,2024_0041_HD21_01_00004714.jpg,trolley2,1013.0,1021.0,1013.0,1022.0,9.0,0.14070529413631117,255.0,224.375,50.5,0.007602036193318181,,,0.1590576171875,0.158935546875,0.0009312629699707031,,0.0,0.0
126,126772,34,39.676506,Musashino_007_IchikawaOhno-FunabashiHoten_up_20240410_day,HD21,2024_0041_HD21_01_00004714.jpg,trolley2,1013.0,1021.0,1013.0,1022.0,9.0,0.14070529413631117,254.0,222.125,49.90625,0.0074393557658463,,,0.1590576171875,0.158935546875,0.0009312629699707031,,0.0,0.0
126,126773,34,39.676508,Musashino_007_IchikawaOhno-FunabashiHoten_up_20240410_day,HD21,2024_0041_HD21_01_00004714.jpg,trolley2,1013.0,1021.0,1013.0,1022.0,9.0,0.14070529413631117,255.0,223.5,49.5625,0.007252549970547993,,,0.1590576171875,0.158935546875,0.0009312629699707031,,0.0,0.0
126,126774,34,39.67651,Musashino_007_IchikawaOhno-FunabashiHoten_up_20240410_day,HD21,2024_0041_HD21_01_00004714.jpg,trolley2,1013.0,1021.0,1013.0,1022.0,9.0,0.14070529413631117,255.0,226.875,48.625,0.007045099469023505,,,0.1590576171875,0.158935546875,0.0009312629699707031,,0.0,0.0
126,126775,34,39.676512,Musashino_007_IchikawaOhno-FunabashiHoten_up_20240410_day,HD21,2024_0041_HD21_01_00004714.jpg,trolley2,1013.0,1021.0,1013.0,1022.0,9.0,0.14070529413631117,255.0,226.25,48.84375,0.006820243171206813,,,0.1590576171875,0.158935546875,0.0009312629699707031,,0.0,0.0
126,126776,34,39.676514,Musashino_007_IchikawaOhno-FunabashiHoten_up_20240410_day,HD21,2024_0041_HD21_01_00004714.jpg,trolley2,1013.0,1021.0,1013.0,1022.0,9.0,0.14070529413631117,255.0,225.0,49.15625,0.006580985150382881,,,0.1590576171875,0.158935546875,0.0009312629699707031,,0.0,0.0
126,126777,34,39.676516,Musashino_007_IchikawaOhno-FunabashiHoten_up_20240410_day,HD21,2024_0041_HD21_01_00004714.jpg,trolley2,1013.0,1021.0,1013.0,1022.0,9.0,0.14070529413631117,255.0,225.125,48.6875,0.0063301021383975285,,,0.1590576171875,0.158935546875,0.0009312629699707031,,0.0,0.0
126,126778,34,39.676518,Musashino_007_IchikawaOhno-FunabashiHoten_up_20240410_day,HD21,2024_0041_HD21_01_00004714.jpg,trolley2,1013.0,1021.0,1013.0,1022.0,9.0,0.14070529413631117,255.0,225.25,47.8125,0.006070151500925825,,,0.1590576171875,0.158935546875,0.0009312629699707031,,0.0,0.0
126,126779,34,39.676520000000004,Musashino_007_IchikawaOhno-FunabashiHoten_up_20240410_day,HD21,2024_0041_HD21_01_00004714.jpg,trolley2,1013.0,1021.0,1013.0,1022.0,9.0,0.14070529413631117,255.0,226.25,47.0625,0.005803479600237524,,,0.1590576171875,0.158935546875,0.0009312629699707031,,0.0,0.0
126,126780,34,39.676522,Musashino_007_IchikawaOhno-FunabashiHoten_up_20240410_day,HD21,2024_0041_HD21_01_00004714.jpg,trolley2,1013.0,1021.0,1013.0,1022.0,9.0,0.14070529413631117,255.0,228.125,46.46875,0.005532230460219285,,,0.1590576171875,0.158935546875,0.0009312629699707031,,0.0,0.0
126,126781,34,39.676524,Musashino_007_IchikawaOhno-FunabashiHoten_up_20240410_day,HD21,2024_0041_HD21_01_00004714.jpg,trolley2,1013.0,1021.0,1013.0,1022.0,9.0,0.14070529413631117,255.0,228.375,46.65625,0.0052583546554374055,,,0.1590576171875,0.158935546875,0.0009312629699707031,,0.0,0.0
126,126782,34,39.676526,Musashino_007_IchikawaOhno-FunabashiHoten_up_20240410_day,HD21,2024_0041_HD21_01_00004714.jpg,trolley2,1013.0,1021.0,1013.0,1022.0,9.0,0.14070529413631117,255.0,227.75,47.59375,0.00498361835277594,,,0.1590576171875,0.158935546875,0.0009312629699707031,,0.0,0.0
126,126783,34,39.676528,Musashino_007_IchikawaOhno-FunabashiHoten_up_20240410_day,HD21,2024_0041_HD21_01_00004714.jpg,trolley2,1013.0,1021.0,1013.0,1022.0,9.0,0.14070529413631117,255.0,226.0,48.46875,0.004709612440631176,,,0.1590576171875,0.158935546875,0.0009312629699707031,,0.0,0.0
126,126784,34,39.67653,Musashino_007_IchikawaOhno-FunabashiHoten_up_20240410_day,HD21,2024_0041_HD21_01_00004714.jpg,trolley2,1013.0,1021.0,1013.0,1022.0,9.0,0.14070529413631117,255.0,223.75,50.59375,0.004437761686787198,,,0.1590576171875,0.158935546875,0.0009312629699707031,,0.0,0.0
126,126785,34,39.676532,Musashino_007_IchikawaOhno-FunabashiHoten_up_20240410_day,HD21,2024_0041_HD21_01_00004714.jpg,trolley2,1013.0,1021.0,1013.0,1022.0,9.0,0.14070529413631117,251.0,218.25,52.125,0.004169333871946837,,,0.1590576171875,0.158935546875,0.0009312629699707031,,0.0,0.0
126,126786,34,39.676534000000004,Musashino_007_IchikawaOhno-FunabashiHoten_up_20240410_day,HD21,2024_0041_HD21_01_00004714.jpg,trolley2,1013.0,1021.0,1013.0,1022.0,9.0,0.14070529413631117,251.0,216.625,52.59375,0.003905448851423655,,,0.1590576171875,0.158935546875,0.0009312629699707031,,0.0,0.0
126,126787,34,39.676536,Musashino_007_IchikawaOhno-FunabashiHoten_up_20240410_day,HD21,2024_0041_HD21_01_00004714.jpg,trolley2,1013.0,1021.0,1013.0,1022.0,9.0,0.14070529413631117,254.0,220.75,50.5625,0.0036470875027347204,,,0.1590576171875,0.158935546875,0.0009312629699707031,,0.0,0.0
126,126788,34,39.676538,Musashino_007_IchikawaOhno-FunabashiHoten_up_20240410_day,HD21,2024_0041_HD21_01_00004714.jpg,trolley2,1013.0,1021.0,1013.0,1022.0,9.0,0.14070529413631117,255.0,225.25,49.4375,0.0033951005217696673,,,0.1590576171875,0.158935546875,0.0009312629699707031,,0.0,0.0
126,126789,34,39.67654,Musashino_007_IchikawaOhno-FunabashiHoten_up_20240410_day,HD21,2024_0041_HD21_01_00004714.jpg,trolley2,1013.0,1021.0,1013.0,1022.0,9.0,0.14070529413631117,255.0,225.25,48.5625,0.0031502170348341714,,,0.1590576171875,0.158935546875,0.0009312629699707031,,0.0,0.0
126,126790,34,39.676542,Musashino_007_IchikawaOhno-FunabashiHoten_up_20240410_day,HD21,2024_0041_HD21_01_00004714.jpg,trolley2,1013.0,1021.0,1013.0,1022.0,9.0,0.14070529413631117,255.0,224.75,47.75,0.0029130529982161145,,,0.1590576171875,0.158935546875,0.0009312629699707031,,0.0,0.0
126,126791,34,39.676544,Musashino_007_IchikawaOhno-FunabashiHoten_up_20240410_day,HD21,2024_0041_HD21_01_00004714.jpg,trolley2,1013.0,1021.0,1013.0,1022.0,9.0,0.14070529413631117,252.0,224.875,47.1875,0.002684119360969311,,,0.1590576171875,0.158935546875,0.0009312629699707031,,0.0,0.0
126,126792,34,39.676546,Musashino_007_IchikawaOhno-FunabashiHoten_up_20240410_day,HD21,2024_0041_HD21_01_00004714.jpg,trolley2,1013.0,1021.0,1013.0,1022.0,9.0,0.14070529413631117,255.0,226.75,45.375,0.002463829970381029,,,0.1590576171875,0.158935546875,0.0009312629699707031,,0.0,0.0
126,126793,34,39.676548000000004,Musashino_007_IchikawaOhno-FunabashiHoten_up_20240410_day,HD21,2024_0041_HD21_01_00004714.jpg,trolley2,1013.0,1021.0,1013.0,1022.0,9.0,0.14070529413631117,255.0,228.0,45.75,0.0022525092030937404,,,0.1590576171875,0.158935546875,0.0009312629699707031,,0.0,0.0
126,126794,34,39.67655,Musashino_007_IchikawaOhno-FunabashiHoten_up_20240410_day,HD21,2024_0041_HD21_01_00004714.jpg,trolley2,1013.0,1021.0,1013.0,1022.0,9.0,0.14070529413631117,255.0,227.625,46.4375,0.0020503993080829516,,,0.1590576171875,0.158935546875,0.0009312629699707031,,0.0,0.0
126,126795,34,39.676552,Musashino_007_IchikawaOhno-FunabashiHoten_up_20240410_day,HD21,2024_0041_HD21_01_00004714.jpg,trolley2,1013.0,1021.0,1013.0,1022.0,9.0,0.14070529413631117,252.0,226.75,46.0625,0.0018576674506849424,,,0.1590576171875,0.158935546875,0.0009312629699707031,,0.0,0.0
126,126796,34,39.676554,Musashino_007_IchikawaOhno-FunabashiHoten_up_20240410_day,HD21,2024_0041_HD21_01_00004714.jpg,trolley2,1013.0,1021.0,1013.0,1022.0,9.0,0.14070529413631117,254.0,229.125,44.8125,0.0016744124495920863,,,0.1590576171875,0.158935546875,0.0009312629699707031,,0.0,0.0
126,126797,34,39.676556,Musashino_007_IchikawaOhno-FunabashiHoten_up_20240410_day,HD21,2024_0041_HD21_01_00004714.jpg,trolley2,1013.0,1021.0,1013.0,1022.0,9.0,0.14070529413631117,252.0,230.5,43.46875,0.0015006712012489156,,,0.1590576171875,0.158935546875,0.0009312629699707031,,0.0,0.0
126,126798,34,39.676558,Musashino_007_IchikawaOhno-FunabashiHoten_up_20240410_day,HD21,2024_0041_HD21_01_00004714.jpg,trolley2,1013.0,1022.0,1013.0,1022.0,9.0,0.14070529413631117,251.0,231.25,41.84375,0.004072133023417222,,,0.1590576171875,0.158935546875,0.0009312629699707031,,0.0,0.0
126,126799,34,39.67656,Musashino_007_IchikawaOhno-FunabashiHoten_up_20240410_day,HD21,2024_0041_HD21_01_00004714.jpg,trolley2,1013.0,1022.0,1013.0,1022.0,9.0,0.14070529413631117,253.0,232.25,40.34375,0.006359261838860183,,,0.1590576171875,0.158935546875,0.0009312629699707031,,0.0,0.0
126,126800,34,39.676562000000004,Musashino_007_IchikawaOhno-FunabashiHoten_up_20240410_day,HD21,2024_0041_HD21_01_00004714.jpg,trolley2,1013.0,1022.0,1013.0,1022.0,9.0,0.14070529413631117,255.0,230.75,42.375,0.00837851963679986,,,0.1590576171875,0.158935546875,0.0009312629699707031,,0.0,0.0
126,126801,34,39.676564,Musashino_007_IchikawaOhno-FunabashiHoten_up_20240410_day,HD21,2024_0041_HD21_01_00004714.jpg,trolley2,1013.0,1021.0,1013.0,1022.0,9.0,0.14070529413631117,255.0,228.625,44.3125,0.0074104481959966825,,,0.1590576171875,0.158935546875,0.0009312629699707031,,0.0,0.0
126,126802,34,39.676566,Musashino_007_IchikawaOhno-FunabashiHoten_up_20240410_day,HD21,2024_0041_HD21_01_00004714.jpg,trolley2,1013.0,1021.0,1013.0,1022.0,9.0,0.14070529413631117,255.0,227.25,45.6875,0.0065004853838494725,,,0.1590576171875,0.158935546875,0.0009312629699707031,,0.0,0.0
126,126803,34,39.676568,Musashino_007_IchikawaOhno-FunabashiHoten_up_20240410_day,HD21,2024_0041_HD21_01_00004714.jpg,trolley2,1013.0,1021.0,1013.0,1022.0,9.0,0.14070529413631117,255.0,227.75,44.625,0.005647688248590631,,,0.1590576171875,0.158935546875,0.0009312629699707031,,0.0,0.0
126,126804,34,39.67657,Musashino_007_IchikawaOhno-FunabashiHoten_up_20240410_day,HD21,2024_0041_HD21_01_00004714.jpg,trolley2,1013.0,1022.0,1013.0,1022.0,9.0,0.14070529413631117,255.0,230.25,41.75,0.007586605390672544,,,0.1590576171875,0.158935546875,0.0009312629699707031,,0.0,0.0
126,126805,34,39.676572,Musashino_007_IchikawaOhno-FunabashiHoten_up_20240410_day,HD21,2024_0041_HD21_01_00004714.jpg,trolley2,1013.0,1022.0,1013.0,1022.0,9.0,0.14070529413631117,255.0,231.625,39.84375,0.009286421781647639,,,0.1590576171875,0.158935546875,0.0009312629699707031,,0.0,0.0
126,126806,34,39.676574,Musashino_007_IchikawaOhno-FunabashiHoten_up_20240410_day,HD21,2024_0041_HD21_01_00004714.jpg,trolley2,1013.0,1022.0,1013.0,1022.0,9.0,0.14070529413631117,255.0,231.25,40.625,0.010762203310447705,,,0.1590576171875,0.158935546875,0.0009312629699707031,,0.0,0.0
126,126807,34,39.676576,Musashino_007_IchikawaOhno-FunabashiHoten_up_20240410_day,HD21,2024_0041_HD21_01_00004714.jpg,trolley2,1013.0,1022.0,1013.0,1022.0,9.0,0.14070529413631117,255.0,230.25,41.84375,0.012028706318611528,,,0.1590576171875,0.158935546875,0.0009312629699707031,,0.0,0.0
126,126808,34,39.676578,Musashino_007_IchikawaOhno-FunabashiHoten_up_20240410_day,HD21,2024_0041_HD21_01_00004714.jpg,trolley2,1013.0,1022.0,1013.0,1022.0,9.0,0.14070529413631117,255.0,231.125,41.46875,0.013100328407568673,,,0.1590576171875,0.158935546875,0.0009312629699707031,,0.0,0.0
126,126809,34,39.67658,Musashino_007_IchikawaOhno-FunabashiHoten_up_20240410_day,HD21,2024_0041_HD21_01_00004714.jpg,trolley2,1013.0,1022.0,1013.0,1022.0,9.0,0.14070529413631117,255.0,230.875,41.65625,0.013991066221870354,,,0.1590576171875,0.158935546875,0.0009312629699707031,,0.0,0.0
126,126810,34,39.676582,Musashino_007_IchikawaOhno-FunabashiHoten_up_20240410_day,HD21,2024_0041_HD21_01_00004714.jpg,trolley2,1013.0,1022.0,1013.0,1022.0,9.0,0.14070529413631117,254.0,230.0,41.6875,0.01471447972845439,,,0.1590576171875,0.158935546875,0.0009312629699707031,,0.0,0.0
126,126811,34,39.676584,Musashino_007_IchikawaOhno-FunabashiHoten_up_20240410_day,HD21,2024_0041_HD21_01_00004714.jpg,trolley2,1013.0,1022.0,1013.0,1022.0,9.0,0.14070529413631117,255.0,229.75,42.0625,0.015283662525384377,,,0.1590576171875,0.158935546875,0.0009312629699707031,,0.0,0.0
126,126812,34,39.676586,Musashino_007_IchikawaOhno-FunabashiHoten_up_20240410_day,HD21,2024_0041_HD21_01_00004714.jpg,trolley2,1013.0,1022.0,1013.0,1022.0,9.0,0.14070529413631117,255.0,229.5,42.46875,0.015711217728066683,,,0.1590576171875,0.158935546875,0.0009312629699707031,,0.0,0.0
126,126813,34,39.676588,Musashino_007_IchikawaOhno-FunabashiHoten_up_20240410_day,HD21,2024_0041_HD21_01_00004714.jpg,trolley2,1013.0,1022.0,1013.0,1022.0,9.0,0.14070529413631117,255.0,229.375,42.84375,0.016009238996489972,,,0.1590576171875,0.158935546875,0.0009312629699707031,,0.0,0.0
126,126814,34,39.67659,Musashino_007_IchikawaOhno-FunabashiHoten_up_20240410_day,HD21,2024_0041_HD21_01_00004714.jpg,trolley2,1013.0,1022.0,1013.0,1022.0,9.0,0.14070529413631117,255.0,229.25,42.90625,0.01618929628338509,,,0.1590576171875,0.158935546875,0.0009312629699707031,,0.0,0.0
126,126815,34,39.676592,Musashino_007_IchikawaOhno-FunabashiHoten_up_20240410_day,HD21,2024_0041_HD21_01_00004714.jpg,trolley2,1013.0,1022.0,1013.0,1022.0,9.0,0.14070529413631117,255.0,228.75,43.0,0.016262425900183213,,,0.1590576171875,0.158935546875,0.0009312629699707031,,0.0,0.0
126,126816,34,39.676594,Musashino_007_IchikawaOhno-FunabashiHoten_up_20240410_day,HD21,2024_0041_HD21_01_00004714.jpg,trolley2,1013.0,1022.0,1013.0,1022.0,9.0,0.14070529413631117,251.0,228.75,40.25,0.016239124515106222,,,0.1590576171875,0.158935546875,0.0009312629699707031,,0.0,0.0
126,126817,34,39.676596,Musashino_007_IchikawaOhno-FunabashiHoten_up_20240410_day,HD21,2024_0041_HD21_01_00004714.jpg,trolley2,1013.0,1021.0,1013.0,1022.0,9.0,0.14070529413631117,255.0,223.75,45.75,0.013393638480446855,,,0.1590576171875,0.158935546875,0.0009312629699707031,,0.0,0.0
126,126818,34,39.676598,Musashino_007_IchikawaOhno-FunabashiHoten_up_20240410_day,HD21,2024_0041_HD21_01_00004714.jpg,trolley2,1013.0,1022.0,1013.0,1022.0,9.0,0.14070529413631117,252.0,229.125,41.0625,0.013500556452037899,,,0.1590576171875,0.158935546875,0.0009312629699707031,,0.0,0.0
126,126819,34,39.6766,Musashino_007_IchikawaOhno-FunabashiHoten_up_20240410_day,HD21,2024_0041_HD21_01_00004714.jpg,trolley2,1013.0,1021.0,1013.0,1022.0,9.0,0.14070529413631117,255.0,225.25,44.0,0.010787003219179707,,,0.1590576171875,0.158935546875,0.0009312629699707031,,0.0,0.0
126,126820,34,39.676602,Musashino_007_IchikawaOhno-FunabashiHoten_up_20240410_day,HD21,2024_0041_HD21_01_00004714.jpg,trolley2,1013.0,1022.0,1013.0,1022.0,9.0,0.14070529413631117,254.0,233.5,36.96875,0.011026670964540712,,,0.1590576171875,0.158935546875,0.0009312629699707031,,0.0,0.0
126,126821,34,39.676604,Musashino_007_IchikawaOhno-FunabashiHoten_up_20240410_day,HD21,2024_0041_HD21_01_00004714.jpg,trolley2,1013.0,1022.0,1013.0,1022.0,9.0,0.14070529413631117,255.0,234.75,36.25,0.011181583127165141,,,0.1590576171875,0.158935546875,0.0009312629699707031,,0.0,0.0
126,126822,34,39.676606,Musashino_007_IchikawaOhno-FunabashiHoten_up_20240410_day,HD21,2024_0041_HD21_01_00004714.jpg,trolley2,1013.0,1022.0,1013.0,1022.0,9.0,0.14070529413631117,255.0,230.75,39.125,0.011259529394623153,,,0.1590576171875,0.158935546875,0.0009312629699707031,,0.0,0.0
126,126823,34,39.676608,Musashino_007_IchikawaOhno-FunabashiHoten_up_20240410_day,HD21,2024_0041_HD21_01_00004714.jpg,trolley2,1013.0,1022.0,1013.0,1022.0,9.0,0.14070529413631117,251.0,227.25,41.84375,0.011267926735048525,,,0.1590576171875,0.158935546875,0.0009312629699707031,,0.0,0.0
126,126824,34,39.676610000000004,Musashino_007_IchikawaOhno-FunabashiHoten_up_20240410_day,HD21,2024_0041_HD21_01_00004714.jpg,trolley2,1013.0,1022.0,1013.0,1022.0,9.0,0.14070529413631117,253.0,227.125,40.375,0.011213816798927558,,,0.1590576171875,0.158935546875,0.0009312629699707031,,0.0,0.0
126,126825,34,39.676612,Musashino_007_IchikawaOhno-FunabashiHoten_up_20240410_day,HD21,2024_0041_HD21_01_00004714.jpg,trolley2,1013.0,1022.0,1013.0,1022.0,9.0,0.14070529413631117,253.0,229.5,38.21875,0.011103865639189258,,,0.1590576171875,0.158935546875,0.0009312629699707031,,0.0,0.0
126,126826,34,39.676614,Musashino_007_IchikawaOhno-FunabashiHoten_up_20240410_day,HD21,2024_0041_HD21_01_00004714.jpg,trolley2,1013.0,1022.0,1013.0,1022.0,9.0,0.14070529413631117,253.0,230.375,40.71875,0.01094436551486893,,,0.1590576171875,0.158935546875,0.0009312629699707031,,0.0,0.0
126,126827,34,39.676616,Musashino_007_IchikawaOhno-FunabashiHoten_up_20240410_day,HD21,2024_0041_HD21_01_00004714.jpg,trolley2,1013.0,1022.0,1013.0,1022.0,9.0,0.14070529413631117,253.0,227.625,43.34375,0.010741238556147125,,,0.1590576171875,0.158935546875,0.0009312629699707031,,0.0,0.0
126,126828,34,39.676618,Musashino_007_IchikawaOhno-FunabashiHoten_up_20240410_day,HD21,2024_0041_HD21_01_00004714.jpg,trolley2,1013.0,1022.0,1013.0,1022.0,9.0,0.14070529413631117,253.0,227.75,41.65625,0.01050004208102077,,,0.1590576171875,0.158935546875,0.0009312629699707031,,0.0,0.0
126,126829,34,39.67662,Musashino_007_IchikawaOhno-FunabashiHoten_up_20240410_day,HD21,2024_0041_HD21_01_00004714.jpg,trolley2,1013.0,1022.0,1013.0,1022.0,9.0,0.14070529413631117,253.0,228.25,40.9375,0.010225975366201808,,,0.1590576171875,0.158935546875,0.0009312629699707031,,0.0,0.0
126,126830,34,39.676622,Musashino_007_IchikawaOhno-FunabashiHoten_up_20240410_day,HD21,2024_0041_HD21_01_00004714.jpg,trolley2,1013.0,1022.0,1013.0,1022.0,9.0,0.14070529413631117,253.0,228.25,40.46875,0.00992388768699939,,,0.1590576171875,0.158935546875,0.0009312629699707031,,0.0,0.0
126,126831,34,39.676624000000004,Musashino_007_IchikawaOhno-FunabashiHoten_up_20240410_day,HD21,2024_0041_HD21_01_00004714.jpg,trolley2,1013.0,1022.0,1013.0,1022.0,9.0,0.14070529413631117,252.0,231.25,37.4375,0.00959828745287738,,,0.1590576171875,0.158935546875,0.0009312629699707031,,0.0,0.0
126,126832,34,39.676626,Musashino_007_IchikawaOhno-FunabashiHoten_up_20240410_day,HD21,2024_0041_HD21_01_00004714.jpg,trolley2,1013.0,1022.0,1013.0,1022.0,9.0,0.14070529413631117,255.0,230.5,40.1875,0.009253352277043254,,,0.1590576171875,0.158935546875,0.0009312629699707031,,0.0,0.0
126,126833,34,39.676628,Musashino_007_IchikawaOhno-FunabashiHoten_up_20240410_day,HD21,2024_0041_HD21_01_00004714.jpg,trolley2,1013.0,1022.0,1013.0,1022.0,9.0,0.14070529413631117,255.0,230.375,40.0625,0.008892939829789535,,,0.1590576171875,0.158935546875,0.0009312629699707031,,0.0,0.0
126,126834,34,39.67663,Musashino_007_IchikawaOhno-FunabashiHoten_up_20240410_day,HD21,2024_0041_HD21_01_00004714.jpg,trolley2,1013.0,1022.0,1013.0,1022.0,9.0,0.14070529413631117,251.0,226.875,42.03125,0.008520599336332152,,,0.1590576171875,0.158935546875,0.0009312629699707031,,0.0,0.0
126,126835,34,39.676632,Musashino_007_IchikawaOhno-FunabashiHoten_up_20240410_day,HD21,2024_0041_HD21_01_00004714.jpg,trolley2,1013.0,1021.0,1013.0,1022.0,9.0,0.14070529413631117,251.0,226.25,43.28125,0.005403875355494121,,,0.1590576171875,0.158935546875,0.0009312629699707031,,0.0,0.0
126,126836,34,39.676634,Musashino_007_IchikawaOhno-FunabashiHoten_up_20240410_day,HD21,2024_0041_HD21_01_00004714.jpg,trolley2,1013.0,1022.0,1013.0,1022.0,9.0,0.14070529413631117,255.0,230.875,39.8125,0.005310912033811677,,,0.1590576171875,0.158935546875,0.0009312629699707031,,0.0,0.0
126,126837,34,39.676636,Musashino_007_IchikawaOhno-FunabashiHoten_up_20240410_day,HD21,2024_0041_HD21_01_00004714.jpg,trolley2,1013.0,1022.0,1013.0,1022.0,9.0,0.14070529413631117,255.0,232.25,36.75,0.005198364211791106,,,0.1590576171875,0.158935546875,0.0009312629699707031,,0.0,0.0
126,126838,34,39.676638000000004,Musashino_007_IchikawaOhno-FunabashiHoten_up_20240410_day,HD21,2024_0041_HD21_01_00004714.jpg,trolley2,1013.0,1022.0,1013.0,1022.0,9.0,0.14070529413631117,255.0,230.25,37.1875,0.005068843503763678,,,0.1590576171875,0.158935546875,0.0009312629699707031,,0.0,0.0
126,126839,34,39.67664,Musashino_007_IchikawaOhno-FunabashiHoten_up_20240410_day,HD21,2024_0041_HD21_01_00004714.jpg,trolley2,1013.0,1022.0,1013.0,1022.0,9.0,0.14070529413631117,251.0,229.75,38.15625,0.0049247882452533856,,,0.1590576171875,0.158935546875,0.0009312629699707031,,0.0,0.0
126,126840,34,39.676642,Musashino_007_IchikawaOhno-FunabashiHoten_up_20240410_day,HD21,2024_0041_HD21_01_00004714.jpg,trolley2,1013.0,1022.0,1013.0,1022.0,9.0,0.14070529413631117,254.0,232.0,36.90625,0.00476846781033421,,,0.1590576171875,0.158935546875,0.0009312629699707031,,0.0,0.0
126,126841,34,39.676644,Musashino_007_IchikawaOhno-FunabashiHoten_up_20240410_day,HD21,2024_0041_HD21_01_00004714.jpg,trolley2,1013.0,1022.0,1013.0,1022.0,9.0,0.14070529413631117,254.0,231.0,38.03125,0.004601987413471964,,,0.1590576171875,0.158935546875,0.0009312629699707031,,0.0,0.0
126,126842,34,39.676646,Musashino_007_IchikawaOhno-FunabashiHoten_up_20240410_day,HD21,2024_0041_HD21_01_00004714.jpg,trolley2,1013.0,1022.0,1013.0,1022.0,9.0,0.14070529413631117,255.0,231.375,37.8125,0.004427293320205569,,,0.1590576171875,0.158935546875,0.0009312629699707031,,0.0,0.0
126,126843,34,39.676648,Musashino_007_IchikawaOhno-FunabashiHoten_up_20240410_day,HD21,2024_0041_HD21_01_00004714.jpg,trolley2,1013.0,1022.0,1013.0,1022.0,9.0,0.14070529413631117,255.0,231.375,37.0,0.004246178396493355,,,0.1590576171875,0.158935546875,0.0009312629699707031,,0.0,0.0
126,126844,34,39.67665,Musashino_007_IchikawaOhno-FunabashiHoten_up_20240410_day,HD21,2024_0041_HD21_01_00004714.jpg,trolley2,1013.0,1022.0,1013.0,1022.0,9.0,0.14070529413631117,255.0,232.375,36.125,0.004060287931849991,,,0.1590576171875,0.158935546875,0.0009312629699707031,,0.0,0.0
126,126845,34,39.676652000000004,Musashino_007_IchikawaOhno-FunabashiHoten_up_20240410_day,HD21,2024_0041_HD21_01_00004714.jpg,trolley2,1013.0,1022.0,1013.0,1022.0,9.0,0.14070529413631117,255.0,232.75,36.375,0.003871125676509251,,,0.1590576171875,0.158935546875,0.0009312629699707031,,0.0,0.0
126,126846,34,39.676654,Musashino_007_IchikawaOhno-FunabashiHoten_up_20240410_day,HD21,2024_0041_HD21_01_00004714.jpg,trolley2,1013.0,1022.0,1013.0,1022.0,9.0,0.14070529413631117,254.0,230.0,38.46875,0.0036800600377749635,,,0.1590576171875,0.158935546875,0.0009312629699707031,,0.0,0.0
126,126847,34,39.676656,Musashino_007_IchikawaOhno-FunabashiHoten_up_20240410_day,HD21,2024_0041_HD21_01_00004714.jpg,trolley2,1013.0,1022.0,1013.0,1022.0,9.0,0.14070529413631117,253.0,228.375,39.34375,0.0034883303854277748,,,0.1590576171875,0.158935546875,0.0009312629699707031,,0.0,0.0
126,126848,34,39.676658,Musashino_007_IchikawaOhno-FunabashiHoten_up_20240410_day,HD21,2024_0041_HD21_01_00004714.jpg,trolley2,1013.0,1022.0,1013.0,1022.0,9.0,0.14070529413631117,251.0,226.875,40.40625,0.003297053420581267,,,0.1590576171875,0.158935546875,0.0009312629699707031,,0.0,0.0
126,126849,34,39.67666,Musashino_007_IchikawaOhno-FunabashiHoten_up_20240410_day,HD21,2024_0041_HD21_01_00004714.jpg,trolley2,1013.0,1022.0,1013.0,1022.0,9.0,0.14070529413631117,255.0,230.25,38.53125,0.0031072295666682726,,,0.1590576171875,0.158935546875,0.0009312629699707031,,0.0,0.0
126,126850,34,39.676662,Musashino_007_IchikawaOhno-FunabashiHoten_up_20240410_day,HD21,2024_0041_HD21_01_00004714.jpg,trolley2,1013.0,1022.0,1013.0,1022.0,9.0,0.14070529413631117,255.0,232.5,36.46875,0.002919749345341766,,,0.1590576171875,0.158935546875,0.0009312629699707031,,0.0,0.0
126,126851,34,39.676664,Musashino_007_IchikawaOhno-FunabashiHoten_up_20240410_day,HD21,2024_0041_HD21_01_00004714.jpg,trolley2,1013.0,1022.0,1013.0,1022.0,9.0,0.14070529413631117,251.0,233.0,35.5625,0.0027353997039356362,,,0.1590576171875,0.158935546875,0.0009312629699707031,,0.0,0.0
126,126852,34,39.676666,Musashino_007_IchikawaOhno-FunabashiHoten_up_20240410_day,HD21,2024_0041_HD21_01_00004714.jpg,trolley2,1013.0,1022.0,1013.0,1022.0,9.0,0.14070529413631117,252.0,231.625,36.6875,0.002554870264805575,,,0.1590576171875,0.158935546875,0.0009312629699707031,,0.0,0.0
126,126853,34,39.676668,Musashino_007_IchikawaOhno-FunabashiHoten_up_20240410_day,HD21,2024_0041_HD21_01_00004714.jpg,trolley2,1013.0,1022.0,1013.0,1022.0,9.0,0.14070529413631117,255.0,230.0,38.4375,0.0023787594703173036,,,0.1590576171875,0.158935546875,0.0009312629699707031,,0.0,0.0
126,126854,34,39.67667,Musashino_007_IchikawaOhno-FunabashiHoten_up_20240410_day,HD21,2024_0041_HD21_01_00004714.jpg,trolley2,1013.0,1022.0,1013.0,1022.0,9.0,0.14070529413631117,255.0,231.125,36.5,0.002207580600494462,,,0.1590576171875,0.158935546875,0.0009312629699707031,,0.0,0.0
126,126855,34,39.676672,Musashino_007_IchikawaOhno-FunabashiHoten_up_20240410_day,HD21,2024_0041_HD21_01_00004714.jpg,trolley2,1013.0,1022.0,1013.0,1022.0,9.0,0.14070529413631117,255.0,235.5,33.21875,0.0020417676433777186,,,0.1590576171875,0.158935546875,0.0009312629699707031,,0.0,0.0
126,126856,34,39.676674,Musashino_007_IchikawaOhno-FunabashiHoten_up_20240410_day,HD21,2024_0041_HD21_01_00004714.jpg,trolley2,1013.0,1022.0,1013.0,1022.0,9.0,0.14070529413631117,254.0,234.0,34.90625,0.0018816810009880973,,,0.1590576171875,0.158935546875,0.0009312629699707031,,0.0,0.0
126,126857,34,39.676676,Musashino_007_IchikawaOhno-FunabashiHoten_up_20240410_day,HD21,2024_0041_HD21_01_00004714.jpg,trolley2,1013.0,1022.0,1013.0,1022.0,9.0,0.14070529413631117,254.0,235.75,34.25,0.0017276130164252032,,,0.1590576171875,0.158935546875,0.0009312629699707031,,0.0,0.0
126,126858,34,39.676678,Musashino_007_IchikawaOhno-FunabashiHoten_up_20240410_day,HD21,2024_0041_HD21_01_00004714.jpg,trolley2,1013.0,1022.0,1013.0,1022.0,9.0,0.14070529413631117,253.0,231.75,37.40625,0.001579793310088691,,,0.1590576171875,0.158935546875,0.0009312629699707031,,0.0,0.0
126,126859,34,39.67668,Musashino_007_IchikawaOhno-FunabashiHoten_up_20240410_day,HD21,2024_0041_HD21_01_00004714.jpg,trolley2,1013.0,1022.0,1013.0,1022.0,9.0,0.14070529413631117,254.0,237.625,31.6875,0.0014383939152776378,,,0.1590576171875,0.158935546875,0.0009312629699707031,,0.0,0.0
126,126860,34,39.676682,Musashino_007_IchikawaOhno-FunabashiHoten_up_20240410_day,HD21,2024_0041_HD21_01_00004714.jpg,trolley2,1013.0,1022.0,1013.0,1022.0,9.0,0.14070529413631117,253.0,235.625,32.78125,0.0013035342055141065,,,0.1590576171875,0.158935546875,0.0009312629699707031,,0.0,0.0
126,126861,34,39.676684,Musashino_007_IchikawaOhno-FunabashiHoten_up_20240410_day,HD21,2024_0041_HD21_01_00004714.jpg,trolley2,1012.0,1022.0,1013.0,1022.0,9.0,0.14070529413631117,255.0,240.75,27.25,-0.0015604226272095774,,,0.1590576171875,0.158935546875,0.0009312629699707031,,0.0,0.0
126,126862,34,39.676686000000004,Musashino_007_IchikawaOhno-FunabashiHoten_up_20240410_day,HD21,2024_0041_HD21_01_00004714.jpg,trolley2,1013.0,1022.0,1013.0,1022.0,9.0,0.14070529413631117,254.0,238.25,30.0,-0.0013882732343505197,,,0.1590576171875,0.158935546875,0.0009312629699707031,,0.0,0.0
126,126863,34,39.676688,Musashino_007_IchikawaOhno-FunabashiHoten_up_20240410_day,HD21,2024_0041_HD21_01_00004714.jpg,trolley2,1013.0,1022.0,1013.0,1022.0,9.0,0.14070529413631117,255.0,238.25,29.78125,-0.0012260714301287824,,,0.1590576171875,0.158935546875,0.0009312629699707031,,0.0,0.0
126,126864,34,39.67669,Musashino_007_IchikawaOhno-FunabashiHoten_up_20240410_day,HD21,2024_0041_HD21_01_00004714.jpg,trolley2,1013.0,1022.0,1013.0,1022.0,9.0,0.14070529413631117,255.0,240.0,28.25,-0.001073690948764742,,,0.1590576171875,0.158935546875,0.0009312629699707031,,0.0,0.0
126,126865,34,39.676692,Musashino_007_IchikawaOhno-FunabashiHoten_up_20240410_day,HD21,2024_0041_HD21_01_00004714.jpg,trolley2,1013.0,1022.0,1013.0,1022.0,9.0,0.14070529413631117,255.0,237.375,30.90625,-0.0009309646554307273,,,0.1590576171875,0.158935546875,0.0009312629699707031,,0.0,0.0
126,126866,34,39.676694,Musashino_007_IchikawaOhno-FunabashiHoten_up_20240410_day,HD21,2024_0041_HD21_01_00004714.jpg,trolley2,1013.0,1022.0,1013.0,1022.0,9.0,0.14070529413631117,255.0,239.125,30.3125,-0.000797689625600408,,,0.1590576171875,0.158935546875,0.0009312629699707031,,0.0,0.0
126,126867,34,39.676696,Musashino_007_IchikawaOhno-FunabashiHoten_up_20240410_day,HD21,2024_0041_HD21_01_00004714.jpg,trolley2,1013.0,1022.0,1013.0,1022.0,9.0,0.1000000000000295,255.0,237.75,31.421875,-0.000673631902592596,,,0.1590576171875,0.158935546875,0.0009312629699707031,,0.0,0.0
126,126868,34,39.676698,Musashino_007_IchikawaOhno-FunabashiHoten_up_20240410_day,HD21,2024_0041_HD21_01_00004714.jpg,trolley2,1013.0,1022.0,1013.0,1022.0,9.0,7.586048386485241e-08,255.0,239.25,29.671875,-0.0005585309400721545,,,0.1590576171875,0.158935546875,0.0009312629699707031,,0.0,0.0
126,126869,34,39.676700000000004,Musashino_007_IchikawaOhno-FunabashiHoten_up_20240410_day,HD21,2024_0041_HD21_01_00004714.jpg,trolley2,1013.0,1022.0,1013.0,1022.0,9.0,7.586048386485241e-08,255.0,235.25,32.5625,-0.00045210373730669235,,,0.1590576171875,0.158935546875,0.0009312629699707031,,0.0,0.0
126,126870,34,39.676702,Musashino_007_IchikawaOhno-FunabashiHoten_up_20240410_day,HD21,2024_0041_HD21_01_00004714.jpg,trolley2,1013.0,1022.0,1013.0,1022.0,9.0,7.586048386485241e-08,254.0,240.25,27.9375,-0.0003540486758662824,,,0.1590576171875,0.158935546875,0.0009312629699707031,,0.0,0.0
126,126871,34,39.676704,Musashino_007_IchikawaOhno-FunabashiHoten_up_20240410_day,HD21,2024_0041_HD21_01_00004714.jpg,trolley2,1013.0,1022.0,1013.0,1022.0,9.0,7.586048386485241e-08,255.0,244.125,23.203125,-0.0002640490671964592,,,0.1590576171875,0.158935546875,0.0009312629699707031,,0.0,0.0
126,126872,34,39.676706,Musashino_007_IchikawaOhno-FunabashiHoten_up_20240410_day,HD21,2024_0041_HD21_01_00004714.jpg,trolley2,1012.0,1022.0,1013.0,1022.0,9.0,7.586048386485241e-08,254.0,242.875,25.109375,-0.0029174846561861867,,,0.1590576171875,0.158935546875,0.0009312629699707031,,0.0,0.0
126,126873,34,39.676708,Musashino_007_IchikawaOhno-FunabashiHoten_up_20240410_day,HD21,2024_0041_HD21_01_00004714.jpg,trolley2,1012.0,1022.0,1013.0,1022.0,9.0,7.586048386485241e-08,255.0,244.625,23.40625,-0.0052845510134629115,,,0.1590576171875,0.158935546875,0.0009312629699707031,,0.0,0.0
126,126874,34,39.67671,Musashino_007_IchikawaOhno-FunabashiHoten_up_20240410_day,HD21,2024_0041_HD21_01_00004714.jpg,trolley2,1012.0,1022.0,1013.0,1022.0,9.0,7.586048386485241e-08,252.0,242.5,28.296875,-0.0073814802643922504,,,0.1590576171875,0.158935546875,0.0009312629699707031,,0.0,0.0
126,126875,34,39.676712,Musashino_007_IchikawaOhno-FunabashiHoten_up_20240410_day,HD21,2024_0041_HD21_01_00004714.jpg,trolley2,1013.0,1022.0,1013.0,1022.0,9.0,7.586048386485241e-08,255.0,240.375,26.703125,-0.006488620147573159,,,0.1590576171875,0.158935546875,0.0009312629699707031,,0.0,0.0
126,126876,34,39.676714000000004,Musashino_007_IchikawaOhno-FunabashiHoten_up_20240410_day,HD21,2024_0041_HD21_01_00004714.jpg,trolley2,1012.0,1022.0,1013.0,1022.0,9.0,7.586048386485241e-08,255.0,245.625,24.28125,-0.008386955959952824,,,0.1590576171875,0.158935546875,0.0009312629699707031,,0.0,0.0
126,126877,34,39.676716,Musashino_007_IchikawaOhno-FunabashiHoten_up_20240410_day,HD21,2024_0041_HD21_01_00004714.jpg,trolley2,1012.0,1022.0,1013.0,1022.0,9.0,7.586048386485241e-08,255.0,242.75,23.953125,-0.010045947534290276,,,0.1590576171875,0.158935546875,0.0009312629699707031,,0.0,0.0
126,126878,34,39.676718,Musashino_007_IchikawaOhno-FunabashiHoten_up_20240410_day,HD21,2024_0041_HD21_01_00004714.jpg,trolley2,1013.0,1022.0,1013.0,1022.0,9.0,7.586048386485241e-08,250.0,230.375,37.21875,-0.00874520070730528,,,0.1590576171875,0.158935546875,0.0009312629699707031,,0.0,0.0
126,126879,34,39.67672,Musashino_007_IchikawaOhno-FunabashiHoten_up_20240410_day,HD21,2024_0041_HD21_01_00004714.jpg,trolley2,1012.0,1022.0,1013.0,1022.0,9.0,7.586048386485241e-08,255.0,245.75,22.671875,-0.010264870058491195,,,0.1590576171875,0.158935546875,0.0009312629699707031,,0.0,0.0
126,126880,34,39.676722,Musashino_007_IchikawaOhno-FunabashiHoten_up_20240410_day,HD21,2024_0041_HD21_01_00004714.jpg,trolley2,1012.0,1022.0,1013.0,1022.0,9.0,7.586048386485241e-08,254.0,245.125,25.40625,-0.01157350948380023,,,0.1590576171875,0.158935546875,0.0009312629699707031,,0.0,0.0
126,126881,34,39.676724,Musashino_007_IchikawaOhno-FunabashiHoten_up_20240410_day,HD21,2024_0041_HD21_01_00004714.jpg,trolley2,1012.0,1022.0,1013.0,1022.0,9.0,7.586048386485241e-08,255.0,246.25,20.921875,-0.012685464521074233,,,0.1590576171875,0.158935546875,0.0009312629699707031,,0.0,0.0
126,126882,34,39.676726,Musashino_007_IchikawaOhno-FunabashiHoten_up_20240410_day,HD21,2024_0041_HD21_01_00004714.jpg,trolley2,1012.0,1022.0,1012.0,1022.0,10.0,0.1000000000000295,254.0,236.0,36.90625,-0.013614694924506428,,,0.1590576171875,0.158935546875,0.0009312629699707031,,0.0,0.0
126,126883,34,39.676728000000004,Musashino_007_IchikawaOhno-FunabashiHoten_up_20240410_day,HD21,2024_0041_HD21_01_00004714.jpg,trolley2,1013.0,1022.0,1013.0,1022.0,9.0,0.1000000000000295,255.0,240.25,27.6875,-0.011639029364406112,,,0.1590576171875,0.158935546875,0.0009312629699707031,,0.0,0.0
126,126884,34,39.67673,Musashino_007_IchikawaOhno-FunabashiHoten_up_20240410_day,HD21,2024_0041_HD21_01_00004714.jpg,trolley2,1013.0,1022.0,1013.0,1022.0,9.0,0.1000000000000295,255.0,239.0,29.84375,-0.009801018060544007,,,0.1590576171875,0.158935546875,0.0009312629699707031,,0.0,0.0
126,126885,34,39.676732,Musashino_007_IchikawaOhno-FunabashiHoten_up_20240410_day,HD21,2024_0041_HD21_01_00004714.jpg,trolley2,1012.0,1022.0,1013.0,1022.0,9.0,0.1000000000000295,255.0,245.75,19.234375,-0.010832397695885669,,,0.1590576171875,0.158935546875,0.0009312629699707031,,0.0,0.0
126,126886,34,39.676734,Musashino_007_IchikawaOhno-FunabashiHoten_up_20240410_day,HD21,2024_0041_HD21_01_00004714.jpg,trolley2,1013.0,1023.0,1013.0,1022.0,9.0,0.1000000000000295,255.0,244.75,18.5625,-0.006227986410036906,,,0.1590576171875,0.158935546875,0.0009312629699707031,,0.0,0.0
126,126887,34,39.676736,Musashino_007_IchikawaOhno-FunabashiHoten_up_20240410_day,HD21,2024_0041_HD21_01_00004714.jpg,trolley2,1013.0,1023.0,1013.0,1022.0,9.0,0.1000000000000295,255.0,244.25,17.546875,-0.0020587258121571705,,,0.1590576171875,0.158935546875,0.0009312629699707031,,0.0,0.0
126,126888,34,39.676738,Musashino_007_IchikawaOhno-FunabashiHoten_up_20240410_day,HD21,2024_0041_HD21_01_00004714.jpg,trolley2,1013.0,1022.0,1013.0,1022.0,9.0,0.1000000000000295,250.0,238.875,28.140625,-0.0010387905384727635,,,0.1590576171875,0.158935546875,0.0009312629699707031,,0.0,0.0
126,126889,34,39.67674,Musashino_007_IchikawaOhno-FunabashiHoten_up_20240410_day,HD21,2024_0041_HD21_01_00004714.jpg,trolley2,1013.0,1022.0,1013.0,1022.0,9.0,0.1000000000000295,254.0,245.125,18.5,-0.00011711122839142105,,,0.1590576171875,0.158935546875,0.0009312629699707031,,0.0,0.0
126,126890,34,39.676742,Musashino_007_IchikawaOhno-FunabashiHoten_up_20240410_day,HD21,2024_0041_HD21_01_00004714.jpg,trolley2,1013.0,1023.0,1013.0,1022.0,9.0,0.1000000000000295,255.0,245.75,17.4375,0.0034469905358706556,,,0.1590576171875,0.158935546875,0.0009312629699707031,,0.0,0.0
126,126891,34,39.676744,Musashino_007_IchikawaOhno-FunabashiHoten_up_20240410_day,HD21,2024_0041_HD21_01_00004714.jpg,trolley2,1013.0,1023.0,1013.0,1022.0,9.0,0.1000000000000295,254.0,241.0,27.140625,0.006629021703180133,,,0.1590576171875,0.158935546875,0.0009312629699707031,,0.0,0.0
126,126892,34,39.676746,Musashino_007_IchikawaOhno-FunabashiHoten_up_20240410_day,HD21,2024_0041_HD21_01_00004714.jpg,trolley2,1013.0,1022.0,1013.0,1022.0,9.0,0.1000000000000295,254.0,241.25,25.953125,0.006714799891878555,,,0.1590576171875,0.158935546875,0.0009312629699707031,,0.0,0.0
126,126893,34,39.676748,Musashino_007_IchikawaOhno-FunabashiHoten_up_20240410_day,HD21,2024_0041_HD21_01_00004714.jpg,trolley2,1013.0,1023.0,1013.0,1022.0,9.0,0.1000000000000295,255.0,245.125,18.765625,0.009490805360608853,,,0.1590576171875,0.158935546875,0.0009312629699707031,,0.0,0.0
126,126894,34,39.67675,Musashino_007_IchikawaOhno-FunabashiHoten_up_20240410_day,HD21,2024_0041_HD21_01_00004714.jpg,trolley2,1013.0,1023.0,1013.0,1022.0,9.0,0.1000000000000295,253.0,247.375,14.8203125,0.011931985364498908,,,0.1590576171875,0.158935546875,0.0009312629699707031,,0.0,0.0
126,126895,34,39.676752,Musashino_007_IchikawaOhno-FunabashiHoten_up_20240410_day,HD21,2024_0041_HD21_01_00004714.jpg,trolley2,1013.0,1023.0,1013.0,1022.0,9.0,0.1000000000000295,251.0,246.25,14.6171875,0.01405910460272461,,,0.1590576171875,0.158935546875,0.0009312629699707031,,0.0,0.0
126,126896,34,39.676754,Musashino_007_IchikawaOhno-FunabashiHoten_up_20240410_day,HD21,2024_0041_HD21_01_00004714.jpg,trolley2,1013.0,1023.0,1013.0,1022.0,9.0,0.1000000000000295,255.0,242.25,25.8125,0.015892530041616077,,,0.1590576171875,0.158935546875,0.0009312629699707031,,0.0,0.0
126,126897,34,39.676756,Musashino_007_IchikawaOhno-FunabashiHoten_up_20240410_day,HD21,2024_0041_HD21_01_00004714.jpg,trolley2,1013.0,1023.0,1013.0,1022.0,9.0,0.1000000000000295,255.0,242.0,26.265625,0.01745216001068419,,,0.1590576171875,0.158935546875,0.0009312629699707031,,0.0,0.0
126,126898,34,39.676758,Musashino_007_IchikawaOhno-FunabashiHoten_up_20240410_day,HD21,2024_0041_HD21_01_00004714.jpg,trolley2,1013.0,1023.0,1013.0,1022.0,9.0,0.1000000000000295,255.0,241.75,26.625,0.01875736308843787,,,0.1590576171875,0.158935546875,0.0009312629699707031,,0.0,0.0
126,126899,34,39.67676,Musashino_007_IchikawaOhno-FunabashiHoten_up_20240410_day,HD21,2024_0041_HD21_01_00004714.jpg,trolley2,1013.0,1022.0,1013.0,1022.0,9.0,0.1000000000000295,255.0,239.125,28.578125,0.017091217879652634,,,0.158935546875,0.158935546875,0.0009312629699707031,,0.0,0.0
126,126900,34,39.676762000000004,Musashino_007_IchikawaOhno-FunabashiHoten_up_20240410_day,HD21,2024_0041_HD21_01_00004714.jpg,trolley2,1013.0,1023.0,1013.0,1023.0,10.0,0.14070529413631117,255.0,229.125,43.875,0.01823706135135917,,,0.158935546875,0.158935546875,0.0009312629699707031,,0.0,0.0
126,126901,34,39.676764,Musashino_007_IchikawaOhno-FunabashiHoten_up_20240410_day,HD21,2024_0041_HD21_01_00004714.jpg,trolley2,1013.0,1023.0,1013.0,1023.0,10.0,0.17144660799778338,255.0,229.125,42.3125,0.01916635158647451,,,0.158935546875,0.158935546875,0.0009312629699707031,,0.0,0.0
126,126902,34,39.676766,Musashino_007_IchikawaOhno-FunabashiHoten_up_20240410_day,HD21,2024_0041_HD21_01_00004714.jpg,trolley2,1013.0,1023.0,1013.0,1023.0,10.0,0.19694638556694852,255.0,224.875,46.0625,0.01989607257009622,,,0.158935546875,0.158935546875,0.0009312629699707031,,0.0,0.0
126,126903,34,39.676768,Musashino_007_IchikawaOhno-FunabashiHoten_up_20240410_day,HD21,2024_0041_HD21_01_00004714.jpg,trolley2,1013.0,1023.0,1013.0,1023.0,10.0,0.2190429135576052,255.0,227.25,43.8125,0.020442569408936337,,,0.158935546875,0.158935546875,0.0009312629699707031,,0.0,0.0
126,126904,34,39.67677,Musashino_007_IchikawaOhno-FunabashiHoten_up_20240410_day,HD21,2024_0041_HD21_01_00004714.jpg,trolley2,1013.0,1023.0,1013.0,1023.0,10.0,0.23868325657595596,255.0,229.625,41.53125,0.02082152400728698,,,0.158935546875,0.158935546875,0.0009312629699707031,,0.0,0.0
126,126905,34,39.676772,Musashino_007_IchikawaOhno-FunabashiHoten_up_20240410_day,HD21,2024_0041_HD21_01_00004714.jpg,trolley2,1014.0,1023.0,1013.0,1023.0,10.0,0.256432399976256,254.0,228.5,40.53125,0.023783645085526897,,,0.158935546875,0.158935546875,0.0009312629699707031,,0.0,0.0
126,126906,34,39.676774,Musashino_007_IchikawaOhno-FunabashiHoten_up_20240410_day,HD21,2024_0041_HD21_01_00004714.jpg,trolley2,1014.0,1023.0,1013.0,1023.0,10.0,0.2726599243443034,255.0,228.125,42.0625,0.02631377194060937,,,0.158935546875,0.158935546875,0.0009312629699707031,,0.0,0.0
126,126907,34,39.676776000000004,Musashino_007_IchikawaOhno-FunabashiHoten_up_20240410_day,HD21,2024_0041_HD21_01_00004714.jpg,trolley2,1014.0,1023.0,1013.0,1023.0,10.0,0.2876234912646737,255.0,228.125,42.875,0.02844208488554286,,,0.158935546875,0.158935546875,0.0009312629699707031,,0.0,0.0
126,126908,34,39.676778,Musashino_007_IchikawaOhno-FunabashiHoten_up_20240410_day,HD21,2024_0041_HD21_01_00004714.jpg,trolley2,1014.0,1023.0,1013.0,1023.0,10.0,0.3015113445777756,254.0,229.0,41.40625,0.030197887107605546,,,0.158935546875,0.158935546875,0.0009312629699707031,,0.0,0.0
126,126909,34,39.67678,Musashino_007_IchikawaOhno-FunabashiHoten_up_20240410_day,HD21,2024_0041_HD21_01_00004714.jpg,trolley2,1013.0,1023.0,1013.0,1023.0,10.0,0.3144660377352319,255.0,227.0,43.65625,0.028873825489512592,,,0.158935546875,0.158935546875,0.0009312629699707031,,0.0,0.0
126,126910,34,39.676782,Musashino_007_IchikawaOhno-FunabashiHoten_up_20240410_day,HD21,2024_0041_HD21_01_00004714.jpg,trolley2,1014.0,1023.0,1014.0,1023.0,9.0,0.3144660377352319,255.0,232.5,41.03125,0.030262423925434292,,,0.158935546875,0.158935546875,0.0009312629699707031,,0.0,0.0
126,126911,34,39.676784,Musashino_007_IchikawaOhno-FunabashiHoten_up_20240410_day,HD21,2024_0041_HD21_01_00004714.jpg,trolley2,1014.0,1023.0,1014.0,1023.0,9.0,0.3144660377352319,254.0,236.75,34.9375,0.03134393467183974,,,0.158935546875,0.158935546875,0.0009312629699707031,,0.0,0.0
126,126912,34,39.676786,Musashino_007_IchikawaOhno-FunabashiHoten_up_20240410_day,HD21,2024_0041_HD21_01_00004714.jpg,trolley2,1014.0,1023.0,1014.0,1023.0,9.0,0.3144660377352319,254.0,236.75,36.5625,0.03214373504195986,,,0.158935546875,0.158935546875,0.0009312629699707031,,0.0,0.0
126,126913,34,39.676788,Musashino_007_IchikawaOhno-FunabashiHoten_up_20240410_day,HD21,2024_0041_HD21_01_00004714.jpg,trolley2,1014.0,1022.0,1014.0,1023.0,9.0,0.3144660377352319,254.0,229.625,43.5625,0.02995044931613801,,,0.158935546875,0.158935546875,0.0009312629699707031,,0.0,0.0
126,126914,34,39.676790000000004,Musashino_007_IchikawaOhno-FunabashiHoten_up_20240410_day,HD21,2024_0041_HD21_01_00004714.jpg,trolley2,1014.0,1022.0,1014.0,1023.0,9.0,0.3144660377352319,254.0,229.75,40.96875,0.02781680568950643,,,0.158935546875,0.158935546875,0.0009312629699707031,,0.0,0.0
126,126915,34,39.676792,Musashino_007_IchikawaOhno-FunabashiHoten_up_20240410_day,HD21,2024_0041_HD21_01_00004714.jpg,trolley2,1014.0,1022.0,1014.0,1023.0,9.0,0.3144660377352319,255.0,229.875,41.53125,0.025748400204661907,,,0.158935546875,0.158935546875,0.0009312629699707031,,0.0,0.0
126,126916,34,39.676794,Musashino_007_IchikawaOhno-FunabashiHoten_up_20240410_day,HD21,2024_0041_HD21_01_00004714.jpg,trolley2,1014.0,1023.0,1014.0,1023.0,9.0,0.3144660377352319,255.0,232.75,39.875,0.026485609912410966,,,0.158935546875,0.158935546875,0.0009312629699707031,,0.0,0.0
126,126917,34,39.676796,Musashino_007_IchikawaOhno-FunabashiHoten_up_20240410_day,HD21,2024_0041_HD21_01_00004714.jpg,trolley2,1014.0,1023.0,1014.0,1023.0,9.0,0.3144660377352319,252.0,232.25,37.90625,0.027002778210928106,,,0.158935546875,0.158935546875,0.0009312629699707031,,0.0,0.0
126,126918,34,39.676798,Musashino_007_IchikawaOhno-FunabashiHoten_up_20240410_day,HD21,2024_0041_HD21_01_00004714.jpg,trolley2,1014.0,1022.0,1014.0,1023.0,9.0,0.3144660377352319,255.0,228.0,44.28125,0.024583791213883696,,,0.158935546875,0.158935546875,0.0009312629699707031,,0.0,0.0
126,126919,34,39.6768,Musashino_007_IchikawaOhno-FunabashiHoten_up_20240410_day,HD21,2024_0041_HD21_01_00004714.jpg,trolley2,1014.0,1022.0,1014.0,1023.0,9.0,0.3144660377352319,255.0,230.0,39.5,0.022276810314965836,,,0.158935546875,0.158935546875,0.0009312629699707031,,0.0,0.0
126,126920,34,39.676802,Musashino_007_IchikawaOhno-FunabashiHoten_up_20240410_day,HD21,2024_0041_HD21_01_00004714.jpg,trolley2,1014.0,1023.0,1014.0,1023.0,9.0,0.3144660377352319,255.0,231.75,40.5625,0.02281875187899571,,,0.158935546875,0.158935546875,0.0009312629699707031,,0.0,0.0
126,126921,34,39.676804000000004,Musashino_007_IchikawaOhno-FunabashiHoten_up_20240410_day,HD21,2024_0041_HD21_01_00004714.jpg,trolley2,1014.0,1023.0,1014.0,1023.0,9.0,0.3144660377352319,254.0,234.875,35.65625,0.02318061433782686,,,0.158935546875,0.158935546875,0.0009312629699707031,,0.0,0.0
126,126922,34,39.676806,Musashino_007_IchikawaOhno-FunabashiHoten_up_20240410_day,HD21,2024_0041_HD21_01_00004714.jpg,trolley2,1014.0,1023.0,1014.0,1023.0,9.0,0.3144660377352319,255.0,232.75,38.59375,0.023378769302474622,,,0.158935546875,0.158935546875,0.0009312629699707031,,0.0,0.0
126,126923,34,39.676808,Musashino_007_IchikawaOhno-FunabashiHoten_up_20240410_day,HD21,2024_0041_HD21_01_00004714.jpg,trolley2,1014.0,1023.0,1014.0,1023.0,9.0,0.3144660377352319,255.0,232.125,41.34375,0.02342881569681037,,,0.158935546875,0.158935546875,0.0009312629699707031,,0.0,0.0
126,126924,34,39.67681,Musashino_007_IchikawaOhno-FunabashiHoten_up_20240410_day,HD21,2024_0041_HD21_01_00004714.jpg,trolley2,1014.0,1023.0,1014.0,1023.0,9.0,0.3144660377352319,253.0,235.25,36.46875,0.023345573152395063,,,0.158935546875,0.158935546875,0.0009312629699707031,,0.0,0.0
126,126925,34,39.676812,Musashino_007_IchikawaOhno-FunabashiHoten_up_20240410_day,HD21,2024_0041_HD21_01_00004714.jpg,trolley2,1014.0,1023.0,1014.0,1023.0,9.0,0.3144660377352319,252.0,235.0,35.59375,0.023143080340266634,,,0.158935546875,0.158935546875,0.0009312629699707031,,0.0,0.0
126,126926,34,39.676814,Musashino_007_IchikawaOhno-FunabashiHoten_up_20240410_day,HD21,2024_0041_HD21_01_00004714.jpg,trolley2,1014.0,1023.0,1014.0,1023.0,9.0,0.3144660377352319,254.0,234.0,38.125,0.022834597745691028,,,0.158935546875,0.158935546875,0.0009312629699707031,,0.0,0.0
126,126927,34,39.676816,Musashino_007_IchikawaOhno-FunabashiHoten_up_20240410_day,HD21,2024_0041_HD21_01_00004714.jpg,trolley2,1014.0,1023.0,1014.0,1023.0,9.0,0.3144660377352319,253.0,234.375,36.90625,0.022432614417922797,,,0.158935546875,0.158935546875,0.0009312629699707031,,0.0,0.0
126,126928,34,39.676818,Musashino_007_IchikawaOhno-FunabashiHoten_up_20240410_day,HD21,2024_0041_HD21_01_00004714.jpg,trolley2,1014.0,1023.0,1014.0,1023.0,9.0,0.3144660377352319,253.0,231.75,39.59375,0.021948858252958958,,,0.158935546875,0.158935546875,0.0009312629699707031,,0.0,0.0
126,126929,34,39.67682,Musashino_007_IchikawaOhno-FunabashiHoten_up_20240410_day,HD21,2024_0041_HD21_01_00004714.jpg,trolley2,1014.0,1023.0,1014.0,1023.0,9.0,0.3144660377352319,254.0,233.375,38.125,0.02139430939298207,,,0.158935546875,0.158935546875,0.0009312629699707031,,0.0,0.0
126,126930,34,39.676822,Musashino_007_IchikawaOhno-FunabashiHoten_up_20240410_day,HD21,2024_0041_HD21_01_00004714.jpg,trolley2,1014.0,1023.0,1014.0,1023.0,9.0,0.3144660377352319,254.0,233.625,37.90625,0.020779216351565613,,,0.158935546875,0.158935546875,0.0009312629699707031,,0.0,0.0
126,126931,34,39.676824,Musashino_007_IchikawaOhno-FunabashiHoten_up_20240410_day,HD21,2024_0041_HD21_01_00004714.jpg,trolley2,1014.0,1023.0,1014.0,1023.0,9.0,0.3144660377352319,253.0,232.875,38.03125,0.02011311449863758,,,0.158935546875,0.158935546875,0.0009312629699707031,,0.0,0.0
126,126932,34,39.676826,Musashino_007_IchikawaOhno-FunabashiHoten_up_20240410_day,HD21,2024_0041_HD21_01_00004714.jpg,trolley2,1014.0,1023.0,1014.0,1023.0,9.0,0.3144660377352319,254.0,234.5,37.28125,0.019404846563581074,,,0.158935546875,0.158935546875,0.0009312629699707031,,0.0,0.0
126,126933,34,39.676828,Musashino_007_IchikawaOhno-FunabashiHoten_up_20240410_day,HD21,2024_0041_HD21_01_00004714.jpg,trolley2,1014.0,1023.0,1014.0,1023.0,9.0,0.3144660377352319,255.0,236.0,36.15625,0.018662584838628943,,,0.158935546875,0.158935546875,0.0009312629699707031,,0.0,0.0
126,126934,34,39.67683,Musashino_007_IchikawaOhno-FunabashiHoten_up_20240410_day,HD21,2024_0041_HD21_01_00004714.jpg,trolley2,1014.0,1023.0,1014.0,1023.0,9.0,0.3144660377352319,255.0,236.0,36.28125,0.017893854787795142,,,0.158935546875,0.158935546875,0.0009312629699707031,,0.0,0.0
126,126935,34,39.676832,Musashino_007_IchikawaOhno-FunabashiHoten_up_20240410_day,HD21,2024_0041_HD21_01_00004714.jpg,trolley2,1014.0,1023.0,1014.0,1023.0,9.0,0.3144660377352319,255.0,235.125,36.96875,0.017105559788932186,,,0.158935546875,0.158935546875,0.0009312629699707031,,0.0,0.0
126,126936,34,39.676834,Musashino_007_IchikawaOhno-FunabashiHoten_up_20240410_day,HD21,2024_0041_HD21_01_00004714.jpg,trolley2,1014.0,1023.0,1014.0,1023.0,9.0,0.3144660377352319,251.0,232.875,36.46875,0.016304006758066616,,,0.158935546875,0.158935546875,0.0009312629699707031,,0.0,0.0
126,126937,34,39.676836,Musashino_007_IchikawaOhno-FunabashiHoten_up_20240410_day,HD21,2024_0041_HD21_01_00004714.jpg,trolley2,1014.0,1023.0,1014.0,1023.0,9.0,0.3144660377352319,253.0,232.625,38.4375,0.015494932425898233,,,0.158935546875,0.158935546875,0.0009312629699707031,,0.0,0.0
126,126938,34,39.676838000000004,Musashino_007_IchikawaOhno-FunabashiHoten_up_20240410_day,HD21,2024_0041_HD21_01_00004714.jpg,trolley2,1014.0,1023.0,1014.0,1023.0,9.0,0.3144660377352319,255.0,233.75,38.0625,0.014683530056235301,,,0.158935546875,0.158935546875,0.0009312629699707031,,0.0,0.0
126,126939,34,39.67684,Musashino_007_IchikawaOhno-FunabashiHoten_up_20240410_day,HD21,2024_0041_HD21_01_00004714.jpg,trolley2,1014.0,1023.0,1014.0,1023.0,9.0,0.3144660377352319,255.0,235.25,36.5625,0.013874476415138785,,,0.158935546875,0.158935546875,0.0009312629699707031,,0.0,0.0
126,126940,34,39.676842,Musashino_007_IchikawaOhno-FunabashiHoten_up_20240410_day,HD21,2024_0041_HD21_01_00004714.jpg,trolley2,1014.0,1023.0,1014.0,1023.0,9.0,0.3144660377352319,255.0,233.875,36.875,0.013071958817667376,,,0.158935546875,0.158935546875,0.0009312629699707031,,0.0,0.0
126,126941,34,39.676844,Musashino_007_IchikawaOhno-FunabashiHoten_up_20240410_day,HD21,2024_0041_HD21_01_00004714.jpg,trolley2,1014.0,1023.0,1014.0,1023.0,9.0,0.3144660377352319,255.0,237.25,34.1875,0.012279702096332522,,,0.158935546875,0.158935546875,0.0009312629699707031,,0.0,0.0
126,126942,34,39.676846,Musashino_007_IchikawaOhno-FunabashiHoten_up_20240410_day,HD21,2024_0041_HD21_01_00004714.jpg,trolley2,1014.0,1023.0,1014.0,1023.0,9.0,0.3144660377352319,255.0,237.75,32.90625,0.011500995351685953,,,0.158935546875,0.158935546875,0.0009312629699707031,,0.0,0.0
126,126943,34,39.676848,Musashino_007_IchikawaOhno-FunabashiHoten_up_20240410_day,HD21,2024_0041_HD21_01_00004714.jpg,trolley2,1014.0,1023.0,1014.0,1023.0,9.0,0.3144660377352319,252.0,235.125,36.5625,0.01073871836087546,,,0.158935546875,0.158935546875,0.0009312629699707031,,0.0,0.0
126,126944,34,39.67685,Musashino_007_IchikawaOhno-FunabashiHoten_up_20240410_day,HD21,2024_0041_HD21_01_00004714.jpg,trolley2,1014.0,1023.0,1014.0,1023.0,9.0,0.3144660377352319,255.0,235.0,35.8125,0.009995367534536457,,,0.158935546875,0.158935546875,0.0009312629699707031,,0.0,0.0
126,126945,34,39.676852000000004,Musashino_007_IchikawaOhno-FunabashiHoten_up_20240410_day,HD21,2024_0041_HD21_01_00004714.jpg,trolley2,1014.0,1023.0,1014.0,1023.0,9.0,0.3144660377352319,255.0,232.75,38.40625,0.009273081326026757,,,0.158935546875,0.158935546875,0.0009312629699707031,,0.0,0.0
126,126946,34,39.676854,Musashino_007_IchikawaOhno-FunabashiHoten_up_20240410_day,HD21,2024_0041_HD21_01_00004714.jpg,trolley2,1014.0,1023.0,1014.0,1023.0,9.0,0.3144660377352319,255.0,231.125,40.59375,0.008573665009785876,,,0.158935546875,0.158935546875,0.0009312629699707031,,0.0,0.0
126,126947,34,39.676856,Musashino_007_IchikawaOhno-FunabashiHoten_up_20240410_day,HD21,2024_0041_HD21_01_00004714.jpg,trolley2,1014.0,1023.0,1014.0,1023.0,9.0,0.3144660377352319,255.0,231.125,40.25,0.007898614757542888,,,0.158935546875,0.158935546875,0.0009312629699707031,,0.0,0.0
126,126948,34,39.676858,Musashino_007_IchikawaOhno-FunabashiHoten_up_20240410_day,HD21,2024_0041_HD21_01_00004714.jpg,trolley2,1014.0,1023.0,1014.0,1023.0,9.0,0.3144660377352319,255.0,233.0,38.34375,0.007249140952192506,,,0.158935546875,0.158935546875,0.0009312629699707031,,0.0,0.0
126,126949,34,39.67686,Musashino_007_IchikawaOhno-FunabashiHoten_up_20240410_day,HD21,2024_0041_HD21_01_00004714.jpg,trolley2,1014.0,1023.0,1014.0,1023.0,9.0,0.3144660377352319,255.0,232.25,38.78125,0.0066261906894711465,,,0.158935546875,0.158935546875,0.0009312629699707031,,0.0,0.0
126,126950,34,39.676862,Musashino_007_IchikawaOhno-FunabashiHoten_up_20240410_day,HD21,2024_0041_HD21_01_00004714.jpg,trolley2,1014.0,1023.0,1014.0,1023.0,9.0,0.3144660377352319,255.0,231.75,40.09375,0.006030469427084149,,,0.158935546875,0.158935546875,0.0009312629699707031,,0.0,0.0
126,126951,34,39.676864,Musashino_007_IchikawaOhno-FunabashiHoten_up_20240410_day,HD21,2024_0041_HD21_01_00004714.jpg,trolley2,1014.0,1023.0,1014.0,1023.0,9.0,0.3144660377352319,255.0,229.375,42.28125,0.00546246174971283,,,0.158935546875,0.158935546875,0.0009312629699707031,,0.0,0.0
126,126952,34,39.676866000000004,Musashino_007_IchikawaOhno-FunabashiHoten_up_20240410_day,HD21,2024_0041_HD21_01_00004714.jpg,trolley2,1014.0,1022.0,1014.0,1023.0,9.0,0.3144660377352319,255.0,227.25,44.4375,0.0021867429913252153,,,0.158935546875,0.158935546875,0.0009312629699707031,,0.0,0.0
126,126953,34,39.676868,Musashino_007_IchikawaOhno-FunabashiHoten_up_20240410_day,HD21,2024_0041_HD21_01_00004714.jpg,trolley2,1014.0,1022.0,1014.0,1023.0,9.0,0.3144660377352319,253.0,227.625,44.59375,-0.000767118223543352,,,0.158935546875,0.158935546875,0.0009312629699707031,,0.0,0.0
126,126954,34,39.67687,Musashino_007_IchikawaOhno-FunabashiHoten_up_20240410_day,HD21,2024_0041_HD21_01_00004714.jpg,trolley2,1014.0,1022.0,1014.0,1023.0,9.0,0.3144660377352319,254.0,228.25,43.96875,-0.0034157599660172206,,,0.158935546875,0.158935546875,0.0009312629699707031,,0.0,0.0
126,126955,34,39.676872,Musashino_007_IchikawaOhno-FunabashiHoten_up_20240410_day,HD21,2024_0041_HD21_01_00004714.jpg,trolley2,1014.0,1023.0,1014.0,1023.0,9.0,0.3144660377352319,255.0,230.125,42.65625,-0.0030400865015463353,,,0.158935546875,0.158935546875,0.0009312629699707031,,0.0,0.0
126,126956,34,39.676874,Musashino_007_IchikawaOhno-FunabashiHoten_up_20240410_day,HD21,2024_0041_HD21_01_00004714.jpg,trolley2,1014.0,1023.0,1014.0,1023.0,9.0,0.3144660377352319,255.0,231.375,41.0625,-0.0026860636095410507,,,0.158935546875,0.158935546875,0.0009312629699707031,,0.0,0.0
126,126957,34,39.676876,Musashino_007_IchikawaOhno-FunabashiHoten_up_20240410_day,HD21,2024_0041_HD21_01_00004714.jpg,trolley2,1014.0,1023.0,1014.0,1023.0,9.0,0.3144660377352319,255.0,231.25,40.84375,-0.0023534219289688195,,,0.158935546875,0.158935546875,0.0009312629699707031,,0.0,0.0
126,126958,34,39.676878,Musashino_007_IchikawaOhno-FunabashiHoten_up_20240410_day,HD21,2024_0041_HD21_01_00004714.jpg,trolley2,1014.0,1023.0,1014.0,1023.0,9.0,0.3144660377352319,255.0,230.625,41.75,-0.002041802563342884,,,0.158935546875,0.158935546875,0.0009312629699707031,,0.0,0.0
126,126959,34,39.676880000000004,Musashino_007_IchikawaOhno-FunabashiHoten_up_20240410_day,HD21,2024_0041_HD21_01_00004714.jpg,trolley2,1014.0,1023.0,1014.0,1023.0,9.0,0.3144660377352319,255.0,230.125,42.78125,-0.0017507681687797653,,,0.158935546875,0.158935546875,0.0009312629699707031,,0.0,0.0
126,126960,34,39.676882,Musashino_007_IchikawaOhno-FunabashiHoten_up_20240410_day,HD21,2024_0041_HD21_01_00004714.jpg,trolley2,1014.0,1023.0,1014.0,1023.0,9.0,0.3144660377352319,254.0,225.5,44.875,-0.0014798133413101292,,,0.158935546875,0.158935546875,0.0009312629699707031,,0.0,0.0
126,126961,34,39.676884,Musashino_007_IchikawaOhno-FunabashiHoten_up_20240410_day,HD21,2024_0041_HD21_01_00004714.jpg,trolley2,1014.0,1023.0,1014.0,1023.0,9.0,0.3144660377352319,255.0,225.625,45.3125,-0.0012283743180255568,,,0.158935546875,0.158935546875,0.0009312629699707031,,0.0,0.0
126,126962,34,39.676886,Musashino_007_IchikawaOhno-FunabashiHoten_up_20240410_day,HD21,2024_0041_HD21_01_00004714.jpg,trolley2,1014.0,1023.0,1014.0,1023.0,9.0,0.3144660377352319,255.0,225.625,45.5,-0.0009958380089069689,,,0.158935546875,0.158935546875,0.0009312629699707031,,0.0,0.0
126,126963,34,39.676888,Musashino_007_IchikawaOhno-FunabashiHoten_up_20240410_day,HD21,2024_0041_HD21_01_00004714.jpg,trolley2,1014.0,1023.0,1014.0,1023.0,9.0,0.3144660377352319,254.0,225.25,45.5,-0.000781550378124005,,,0.158935546875,0.158935546875,0.0009312629699707031,,0.0,0.0
126,126964,34,39.67689,Musashino_007_IchikawaOhno-FunabashiHoten_up_20240410_day,HD21,2024_0041_HD21_01_00004714.jpg,trolley2,1014.0,1023.0,1014.0,1023.0,9.0,0.3144660377352319,255.0,228.375,44.28125,-0.000584824195245501,,,0.158935546875,0.158935546875,0.0009312629699707031,,0.0,0.0
126,126965,34,39.676892,Musashino_007_IchikawaOhno-FunabashiHoten_up_20240410_day,HD21,2024_0041_HD21_01_00004714.jpg,trolley2,1014.0,1023.0,1014.0,1023.0,9.0,0.3144660377352319,255.0,227.75,44.65625,-0.00040494617816222076,,,0.158935546875,0.158935546875,0.0009312629699707031,,0.0,0.0
126,126966,34,39.676894,Musashino_007_IchikawaOhno-FunabashiHoten_up_20240410_day,HD21,2024_0041_HD21_01_00004714.jpg,trolley2,1014.0,1023.0,1014.0,1023.0,9.0,0.3144660377352319,253.0,228.0,43.34375,-0.0002411835506246015,,,0.158935546875,0.158935546875,0.0009312629699707031,,0.0,0.0
126,126967,34,39.676896,Musashino_007_IchikawaOhno-FunabashiHoten_up_20240410_day,HD21,2024_0041_HD21_01_00004714.jpg,trolley2,1014.0,1023.0,1014.0,1023.0,9.0,0.3144660377352319,255.0,230.25,41.78125,-9.279003817657549e-05,,,0.158935546875,0.158935546875,0.0009312629699707031,,0.0,0.0
126,126968,34,39.676898,Musashino_007_IchikawaOhno-FunabashiHoten_up_20240410_day,HD21,2024_0041_HD21_01_00004714.jpg,trolley2,1014.0,1023.0,1014.0,1023.0,9.0,0.3144660377352319,253.0,229.0,42.5625,4.0988673088421175e-05,,,0.158935546875,0.158935546875,0.0009312629699707031,,0.0,0.0
126,126969,34,39.6769,Musashino_007_IchikawaOhno-FunabashiHoten_up_20240410_day,HD21,2024_0041_HD21_01_00004714.jpg,trolley2,1014.0,1023.0,1014.0,1023.0,9.0,0.3144660377352319,255.0,230.0,42.96875,0.0001609099900793282,,,0.158935546875,0.158935546875,0.0009312629699707031,,0.0,0.0
126,126970,34,39.676902,Musashino_007_IchikawaOhno-FunabashiHoten_up_20240410_day,HD21,2024_0041_HD21_01_00004714.jpg,trolley2,1014.0,1023.0,1014.0,1023.0,9.0,0.3144660377352319,253.0,230.75,40.9375,0.00026772995341521675,,,0.158935546875,0.158935546875,0.0009312629699707031,,0.0,0.0
126,126971,34,39.676904,Musashino_007_IchikawaOhno-FunabashiHoten_up_20240410_day,HD21,2024_0041_HD21_01_00004714.jpg,trolley2,1014.0,1023.0,1014.0,1023.0,9.0,0.3144660377352319,255.0,229.625,43.0,0.0003621992400495084,,,0.158935546875,0.158935546875,0.0009312629699707031,,0.0,0.0
126,126972,34,39.676906,Musashino_007_IchikawaOhno-FunabashiHoten_up_20240410_day,HD21,2024_0041_HD21_01_00004714.jpg,trolley2,1014.0,1023.0,1014.0,1023.0,9.0,0.3144660377352319,253.0,228.25,42.40625,0.00044505960260328317,,,0.158935546875,0.158935546875,0.0009312629699707031,,0.0,0.0
126,126973,34,39.676908,Musashino_007_IchikawaOhno-FunabashiHoten_up_20240410_day,HD21,2024_0041_HD21_01_00004714.jpg,trolley2,1014.0,1023.0,1014.0,1023.0,9.0,0.3144660377352319,255.0,225.75,45.78125,0.0005170407203900225,,,0.158935546875,0.158935546875,0.0009312629699707031,,0.0,0.0
126,126974,34,39.67691,Musashino_007_IchikawaOhno-FunabashiHoten_up_20240410_day,HD21,2024_0041_HD21_01_00004714.jpg,trolley2,1014.0,1023.0,1014.0,1023.0,9.0,0.3144660377352319,253.0,228.375,43.9375,0.0005788574374024366,,,0.158935546875,0.158935546875,0.0009312629699707031,,0.0,0.0
126,126975,34,39.676912,Musashino_007_IchikawaOhno-FunabashiHoten_up_20240410_day,HD21,2024_0041_HD21_01_00004714.jpg,trolley2,1015.0,1023.0,1014.0,1023.0,9.0,0.3144660377352319,255.0,223.0,47.25,0.0033669155980094786,,,0.158935546875,0.158935546875,0.0009312629699707031,,0.0,0.0
126,126976,34,39.676914000000004,Musashino_007_IchikawaOhno-FunabashiHoten_up_20240410_day,HD21,2024_0041_HD21_01_00004714.jpg,trolley2,1014.0,1023.0,1014.0,1023.0,9.0,0.3144660377352319,254.0,224.875,45.90625,0.003116718143640579,,,0.158935546875,0.158935546875,0.0009312629699707031,,0.0,0.0
126,126977,34,39.676916,Musashino_007_IchikawaOhno-FunabashiHoten_up_20240410_day,HD21,2024_0041_HD21_01_00004714.jpg,trolley2,1014.0,1023.0,1014.0,1023.0,9.0,0.3144660377352319,255.0,225.125,46.3125,0.002874964962056375,,,0.158935546875,0.158935546875,0.0009312629699707031,,0.0,0.0
126,126978,34,39.676918,Musashino_007_IchikawaOhno-FunabashiHoten_up_20240410_day,HD21,2024_0041_HD21_01_00004714.jpg,trolley2,1014.0,1022.0,1014.0,1023.0,9.0,0.3144660377352319,255.0,223.25,46.28125,-9.358998887967198e-05,,,0.158935546875,0.158935546875,0.0009312629699707031,,0.0,0.0
126,126979,34,39.67692,Musashino_007_IchikawaOhno-FunabashiHoten_up_20240410_day,HD21,2024_0041_HD21_01_00004714.jpg,trolley2,1014.0,1022.0,1014.0,1023.0,9.0,0.3144660377352319,255.0,224.375,47.75,-0.0027591132108436777,,,0.158935546875,0.158935546875,0.0009312629699707031,,0.0,0.0
126,126980,34,39.676922,Musashino_007_IchikawaOhno-FunabashiHoten_up_20240410_day,HD21,2024_0041_HD21_01_00004714.jpg,trolley2,1014.0,1023.0,1014.0,1023.0,9.0,0.3144660377352319,255.0,227.25,44.84375,-0.0024021936550059665,,,0.158935546875,0.158935546875,0.0009312629699707031,,0.0,0.0
126,126981,34,39.676924,Musashino_007_IchikawaOhno-FunabashiHoten_up_20240410_day,HD21,2024_0041_HD21_01_00004714.jpg,trolley2,1014.0,1023.0,1014.0,1023.0,9.0,0.3144660377352319,255.0,226.75,45.0625,-0.002068503674720566,,,0.158935546875,0.158935546875,0.0009312629699707031,,0.0,0.0
126,126982,34,39.676926,Musashino_007_IchikawaOhno-FunabashiHoten_up_20240410_day,HD21,2024_0041_HD21_01_00004714.jpg,trolley2,1014.0,1023.0,1014.0,1023.0,9.0,0.3015113445777756,250.0,225.75,43.90625,-0.0017575017459946036,,,0.158935546875,0.158935546875,0.0009312629699707031,,0.0,0.0
126,126983,34,39.676928000000004,Musashino_007_IchikawaOhno-FunabashiHoten_up_20240410_day,HD21,2024_0041_HD21_01_00004714.jpg,trolley2,1014.0,1023.0,1014.0,1023.0,9.0,0.3015113445777756,252.0,230.375,42.59375,-0.0014685773947130738,,,0.158935546875,0.158935546875,0.0009312629699707031,,0.0,0.0
126,126984,34,39.67693,Musashino_007_IchikawaOhno-FunabashiHoten_up_20240410_day,HD21,2024_0041_HD21_01_00004714.jpg,trolley2,1014.0,1023.0,1014.0,1023.0,9.0,0.3015113445777756,255.0,227.125,45.59375,-0.0012010615633686664,,,0.158935546875,0.158935546875,0.0009312629699707031,,0.0,0.0
126,126985,34,39.676932,Musashino_007_IchikawaOhno-FunabashiHoten_up_20240410_day,HD21,2024_0041_HD21_01_00004714.jpg,trolley2,1014.0,1023.0,1014.0,1023.0,9.0,0.3015113445777756,255.0,225.375,47.28125,-0.0009542362418742678,,,0.158935546875,0.158935546875,0.0009312629699707031,,0.0,0.0
126,126986,34,39.676934,Musashino_007_IchikawaOhno-FunabashiHoten_up_20240410_day,HD21,2024_0041_HD21_01_00004714.jpg,trolley2,1014.0,1023.0,1014.0,1023.0,9.0,0.3015113445777756,255.0,227.75,43.9375,-0.000727343384757531,,,0.158935546875,0.158935546875,0.0009312629699707031,,0.0,0.0
126,126987,34,39.676936,Musashino_007_IchikawaOhno-FunabashiHoten_up_20240410_day,HD21,2024_0041_HD21_01_00004714.jpg,trolley2,1015.0,1022.0,1014.0,1023.0,9.0,0.3015113445777756,255.0,220.25,49.5625,-0.000519593138671905,,,0.158935546875,0.158935546875,0.0009312629699707031,,0.0,0.0
126,126988,34,39.676938,Musashino_007_IchikawaOhno-FunabashiHoten_up_20240410_day,HD21,2024_0041_HD21_01_00004714.jpg,trolley2,1015.0,1023.0,1014.0,1023.0,9.0,0.3015113445777756,255.0,219.875,48.875,0.0024055368295750655,,,0.158935546875,0.158935546875,0.0009312629699707031,,0.0,0.0
126,126989,34,39.67694,Musashino_007_IchikawaOhno-FunabashiHoten_up_20240410_day,HD21,2024_0041_HD21_01_00004714.jpg,trolley2,1014.0,1023.0,1014.0,1023.0,9.0,0.3015113445777756,255.0,227.625,44.78125,0.002283702565256075,,,0.158935546875,0.158935546875,0.0009312629699707031,,0.0,0.0
126,126990,34,39.676942000000004,Musashino_007_IchikawaOhno-FunabashiHoten_up_20240410_day,HD21,2024_0041_HD21_01_00004714.jpg,trolley2,1014.0,1023.0,1014.0,1023.0,9.0,0.3015113445777756,254.0,228.125,44.84375,0.002161789105933884,,,0.158935546875,0.158935546875,0.0009312629699707031,,0.0,0.0
126,126991,34,39.676944,Musashino_007_IchikawaOhno-FunabashiHoten_up_20240410_day,HD21,2024_0041_HD21_01_00004714.jpg,trolley2,1014.0,1023.0,1014.0,1023.0,9.0,0.3015113445777756,255.0,225.875,46.4375,0.002040471561526661,,,0.158935546875,0.158935546875,0.0009312629699707031,,0.0,0.0
126,126992,34,39.676946,Musashino_007_IchikawaOhno-FunabashiHoten_up_20240410_day,HD21,2024_0041_HD21_01_00004714.jpg,trolley2,1014.0,1023.0,1014.0,1023.0,9.0,0.3015113445777756,253.0,226.75,45.5625,0.0019203529823153982,,,0.158935546875,0.158935546875,0.0009312629699707031,,0.0,0.0
126,126993,34,39.676948,Musashino_007_IchikawaOhno-FunabashiHoten_up_20240410_day,HD21,2024_0041_HD21_01_00004714.jpg,trolley2,1014.0,1023.0,1014.0,1023.0,9.0,0.3015113445777756,255.0,228.0,43.25,0.0018019684028620058,,,0.158935546875,0.158935546875,0.0009312629699707031,,0.0,0.0
126,126994,34,39.67695,Musashino_007_IchikawaOhno-FunabashiHoten_up_20240410_day,HD21,2024_0041_HD21_01_00004714.jpg,trolley2,1014.0,1023.0,1014.0,1023.0,9.0,0.3015113445777756,255.0,225.25,44.28125,0.0016857888459627288,,,0.158935546875,0.158935546875,0.0009312629699707031,,0.0,0.0
126,126995,34,39.676952,Musashino_007_IchikawaOhno-FunabashiHoten_up_20240410_day,HD21,2024_0041_HD21_01_00004714.jpg,trolley2,1015.0,1023.0,1014.0,1023.0,9.0,0.3015113445777756,255.0,223.875,45.375,0.004307933503866827,,,0.158935546875,0.158935546875,0.0009312629699707031,,0.0,0.0
126,126996,34,39.676954,Musashino_007_IchikawaOhno-FunabashiHoten_up_20240410_day,HD21,2024_0041_HD21_01_00004714.jpg,trolley2,1015.0,1023.0,1014.0,1023.0,9.0,0.3015113445777756,255.0,223.75,44.75,0.006639290003236847,,,0.158935546875,0.158935546875,0.0009312629699707031,,0.0,0.0
126,126997,34,39.676956000000004,Musashino_007_IchikawaOhno-FunabashiHoten_up_20240410_day,HD21,2024_0041_HD21_01_00004714.jpg,trolley2,1015.0,1023.0,1014.0,1023.0,9.0,0.3015113445777756,255.0,221.0,47.40625,0.008696736177176732,,,0.158935546875,0.158935546875,0.0009312629699707031,,0.0,0.0
126,126998,34,39.676958,Musashino_007_IchikawaOhno-FunabashiHoten_up_20240410_day,HD21,2024_0041_HD21_01_00004714.jpg,trolley2,1015.0,1023.0,1014.0,1023.0,9.0,0.3015113445777756,255.0,219.75,48.3125,0.010496928549124483,,,0.158935546875,0.158935546875,0.0009312629699707031,,0.0,0.0
126,126999,34,39.67696,Musashino_007_IchikawaOhno-FunabashiHoten_up_20240410_day,HD21,2024_0041_HD21_01_00004714.jpg,trolley2,1015.0,1023.0,1014.0,1024.0,10.0,0.3144660377352319,255.0,210.5,61.75,0.01205623375131182,,,0.158935546875,0.158935546875,0.0009312629699707031,,0.0,0.0
